# Problem = Knapsack
# Variables = 1
# Objectives = 2
000000000000000000000000000000000000000000000000000000000000000000000000000000000000000000000000000000000000000000000000000000000000000000000000000000000000000000000000000000000000000000000000000000000000000000000000000000000000000000000000000000000000000000000000000000000000000000000000000000000000000000000000000000000000000000000000000000000000000000000000000 0.0 0.0
000111000000000000000000000100100000101011111100001100110001100010011101111111010100000001001100000000100000110101010011100110010000000100011100100010100001010000001101001000100001010000000100000001001011000010010000110010010010000000110010010100000100000000100000001110100000111001100001001111011010110001000010100100000000000000100110011010101010100100101011011 -0.6212128987535834 122.0
000000000000000000000000000000000000000000000000000000000000000000000000000000000000000000000000000000000000000000000000000000000000000000000100000000000000000000000000000000000000000000000000000000000000000000000000000000000000000000000000000000000000000000000000000000000000000000000000000000000000000000000000000000000000000000000000000000000000000000000000000 -0.015151499770581722 1.0
000000000000000000000000000000000000000010000000000000000010000000000000000000000000000000000000000000000000000000000000000000000000000000000000000000000000000000000000000000000000000000000000000000000000000000000000000000000000000000000000000000000000000000000000000000000000000000000000000000000000000000000000000000000000000000000000000000000000000000000000000 -0.030302999541163445 2.0
000000000000000000000000000000000000000000000000000000000010000000000000000000000000000000000000000000000000000000000000000000000000000000000000000000000000010000000000000000000000000000000000000000000000000000000000000000000000000000000000000000000000000000000000000000000000000000000000000000000000000000000000000000000000000000000000010000000000000000000000000 -0.04545449931174517 3.0
000000000000000000000000000000000000000010000000010000000010000000000000000000000000000000000000000000000000000000000000000000000000000000000000000000000000000000000000000000000000000000000000000000000000000000000000000000000000000000000000000000000000000000000000000000000000000000000000000000000000000000000000000000000000000000000000010000000000000000000000000 -0.06060599908232689 4.0
000000000000000000000000000000000000000010100000000000000000000000000000000000000000000000001100000000000000000000000000000000000000000000000000000000000000000000000000000000000000000000000000000000000000000000000000000000000000000000000000000000000000000000000000000000000000000000000000000000000000000000000000000000000000000000000000010000000000000000000000000 -0.07575749885290861 5.0
000000000000000000000000000000000000000011000000000000000010000000000000000000000000000000000000000000000000000000000000000000000000000000000000100000000000000000000000000000000000000000000000000000000000000000000000000000000000000000000000000000000000000000000000000000000000000000000000000000000000000000000000000000000000000000000000010010000000000000000000000 -0.09090899862349033 6.0
000000000000000000000000000000000000000011100000000000000010000000000000000000000000000000000000000000000000000000000000000000000000000000000000000000000000000000000000000000000000000000000000000000000000000000000000000000000000000000000000000000000000000000000000000000000000000000000000000000000000000000000000000000000000000000000000010010000000000000000100000 -0.10606049839407206 7.0
000000000000000000000000000000000000000011100000000000000010000000000000000000000000000000000000000000000000000000000000000000000000000000000000100000000000000000000000000000000000000000000000000000000000000000000000000000000000000000000000000000000000000000000000000000000000000000000000000000000000000000000000000000000000000000000000010010000000000000000100000 -0.12121199816465378 8.0
000000000000000000000000000000000000000011100000000000000000000000000000000000000000000000001000000000000000000000000000000000000000000000001010000000000000000000000000000000000000000000000000000000000000000000000000000000000000000000000000000000000000000000000000000000000000000000000000000000000000000000000000000000000000000000000000010010000000000000000100000 -0.1363634979352355 9.0
000000000000000000000000000000000000000011100000000000000010000000000000000000000000000000001000000000000000000000000000000000000000000000001010000000000000000000000000000000000000000000000000000000000000000000000000000000000000000000000000000000000000000000000000000000000000000000000000000000000000000000000000000000000000000000000000010010000000000000000100000 -0.15151499770581722 10.0
000000000000000000000000000000000000100011100000000000000010000000000000000000000000000000000100000000000000000000000000000000000000000000000000100000000000000000000000000000000000000000000000000000000000000000000000000000000000000000000000000000000000000000000000000000000000000000000000000000000000000000000000000000000000000000000000011010000000000000000100000 -0.16666649747639894 11.0
000000000000000000000000000000000000000001100000000000000000000000000100000000000000000000001000000000000000000000000000000000000000000000001010100010000000000000000000000000000000000000000000000000000000000000000000000000000000000000000000000000000000000000000000000000000000000000000000000000000000000000000000000000000000000000000000011010000000000000000100000 -0.18181799724698067 12.0
000000000000000000000000000000000000100011100000000000000010000000000000000000000000000000001000000000000000000000000000000000000000000000000010100010000000000000000000000000000000000000000000000000000000000000000000000000000000000000000000000000000000000000000000000000000000000000000000000000000000000000000000000000000000000000000000011010000000000000000100000 -0.1969694970175624 13.0
000000000000000000000000000000000000000011100000000000000010000000000100000000000000000000000000000000000000000000000000000000000000000000001110100010000000000000000000000000000000000000000000000000000000000000000000000000000000000000000000000000000000000000000000000000000000000000000000000000000000000000000000000000000000000000000000011010000000000000000100000 -0.2121209967881441 14.0
000000000000000000000000000000000000100011110000000000000000000000000000000000000000000000001000000000000000000000000000000000000000000000001010100010000000000000000000000000000000000000000000000000000000000000000000000000000000000000001000000000000000000000000000000000000000000000000000000000000000000000000000000000000000000000000000011010000000000000000110000 -0.23484829673543572 16.0
000000000000000000000000000000000000100011110000000000000010000000000000000010000000000000001000000000000000000000000000000000000000000000001010100010000000000000000000000000000000000000000000000000000000000000000000000000000000000000000000000000000000000000000000000000000000000000000000000000000000000000000000000000000000000000000000011010000000000000000110000 -0.2575754960998893 17.0
000000000000000000000000000000000000100011110000000000000010000000000000000010000000000000001000000000000000000000000000000000000000000000001010100010000000010000000000000000000100000000000000000000000000000000000000000000000000000000001000000000000000000000000000000000000000000000000000000000000000000000000000000000000000000000000000011010000000000000000110000 -0.2878785962238908 20.0
000000000000000000000000000000000000100011110000000000000010000000000100000010000000000000001000000000010000000000000000000000000000000000001110100010000000000000000000000000000000000000000000000000000000000000000000000000000000000000000000000000000000000000000000000000000000000000000000000000000000000000000000000000000000000000000000011010000010000000000111000 -0.3181815957650542 22.0
000000000000000000000000000000000000100011110000000000000010000000100100000010000000000000001100000000000000000100000000000000000000000000011110100010000000000000000000000000000000000000000000000000000000000000000000000000000000000000000000000000000000000000000000000000000000100000000000000000010000000000000000000000000000000000000000011010000010000000000111000 -0.35606039548292756 27.0
000000000000000000000000000000000000100011110000001000000000000000100100000000000000000000001100000000100000010000000000000001100000000000011110100000100000010000100000000001000100000000000000000000000000000000000000000000000000000000000000000000000000000000000000000000000010100000000000000000000000000001000000000100000000000000000000011010000010000000001111000 -0.40909109730273485 36.0
000000000000000000000000000000000000100011110000001000000010000010000100101010000000000000001100000000100000000101010000000010100000000000011010100010100000010000000000000001100000000000000000100000000000000000010000000000000000000000001000000000000000000000000000000000000000110000100000000111001000000000000000000000000000000000000101011010000010000000001111000 -0.5000002970919013 49.0
#
