# Problem = Knapsack
# Variables = 1
# Objectives = 2
101011000011101111011111000000110110100000101000000010100000100000110100111011000010000110111101000101010001101001010100101110001001011010101010001110111010011001001011111000100101101010001100001001100000101001000100000110100000010001000010000001000000110100110010011001100000011000000100000000110101010100000011111111001000110101011010000000000001000001010001110000100000100100001010000000000101100000010001000100100010000000000010010000011000101100001001100101001001001100011100000010010010000001110110100001000111000000000000010001110110101110010100110001010011001100010110010110010010000011000010010000000010001110110000 -1.2049485985189676 225.0
000000000000000000000000000000000000000000000000000000000000000000000000000000000000000000000000000000000000000000000000000000000000000000000000000000000000000100000000000000000000000000000000000000000000000000000000000000000000000000000000000000000000000000000000000000000000000000000000000000000000000000000000000000000000000000000000000000000000000000000000000000000000000000000000000000000000000000000000000000000000000000000000000000000000000000000000000000000000000000000000000000000000000000000000000000000000000000000000000000000000000000000000000000000000000000000000000000000000000000000000000000000000000000000000 -0.019175300374627113 1.0
000000000000000000000000000000000000000000000000000000000000000000000000000000000000000000000000000000000000000000000000000000000000000000000000000000000000000000000000000000000000000000000000000000000000000000000000000000000000000000000000000000000000000000000000000000000000000000000000000000000000000000000000000000000000000000000000000000000000000000000000000000000000000000000000000000000000000000000000000000000000000000000000000000000000000000000000000000000000000000000000000000000000000000000000000000000000000000000000000000000000000000000000000000000000000000000000000000000000000000000000000000000000000000000000 0.0 0.0
000000000000000000000000000000000000000000000000000000000000000000000000000000000000001000000000000000000000000000000000000000000000000000000000000000000000000000000000000000000000000000000000000000000000000000000000000000000000000000000000000000000000000000000000000000000000000000000000000000000000000000000000000000000000000000000000000000000000000000000000000000000000000000000000000000000010000000000000000000000000000000000000000000000000000000000000000000000000000000000000000000000000000000000000000000000000000000000000000000000000000000000000000000000000000000000000000000000000000000000000000000000000000000000000 -0.03366469964385033 2.0
000000000000001000000000000000000000000000000000000000000000000000000000000000000000000000000000000000000000000000000000000000000000000000000000000000000000000000000000000000000000000000000000000000010000000000000000000000000000000000000000000000000000000000000000000000000000000000000000000000000000000000000000000000000000000000000000000000000000000000000000000000000000000000000000000000000000000000000000000000000000000000000000000000000000000000000000100000000000000000000000000000000000000000000000000000000000000000000000000000000000000000000000000000000000000000000000000000000000000000000000000000000000000000000000 -0.06394609995186329 3.0
000000000000000010000000000000000000000000000000000000000000010000000000000000000000000000000000000000000000000000000000000000000000000000000000000000000000001000000000000000000000000000000000000000000000000000000000000000000000000000000000000000000000000000000000000000000000000000000000000000000000000000000000000000000000000000000000000000000000000000000000000000000000000010000000000000000000000000000000000000000000000000000000000000000000000000000000000000000000000000000000000000000000000000000000000000000000000000000000000000000000000000000000000000000000000000000000000000000000000000000000000000000000000000000000 -0.08892879821360111 4.0
100000000000000000001000000000000000000000000000000000000000000000000000000000000000000000000000000000000000000000000100000000000000000000000000000000000000000000000000000000000000000000000100000000000000000000000000000000000000000000000000000000000000000000000000000000000000000000000000000000000000000000000000000000000000000000000000000000000000000000000000000000000000000000000000000000000000000100000000000000000000000000000000000000000000000000000000000000000000000000000000000000000000000000000000000000000000000000000000000000000000000000000000000000000000000000000000000000000000000000000000000000000000000000000000 -0.09747770056128502 5.0
000000000000000000000000000000000000000100000000000000000000000000000000000000000000000000000000000000000000000000000000000000000000000010000000000001000000000000000000000001000000000000000000000000000000000000000000000000000000000000000000000000000000000000000000000000000000000000000000000000000000000000000000000000000000000000000000000000000000000000000000100000000000000010000000000000000000000000000000000000000000000000000000000000000000000000000000000000000000000000000000000000000000000000000000000000000000000000000000000000000000000000000000000000000000000000000000000000000000000000000000000000000000000000000000 -0.1537069007754326 6.0
100000000000000000001000000000000000000000000000000000000000000000000000000000000000000000000000000000000000000000000000000000000000001010000000000001000000000000000000000001000000000000000000000000000000000000000000000000000000000000000000000000000000000000000000000000000000000000000000000000000000000000000000000000000000100000000000000000000000000000000000000000000000000000000000000000000000000000000000000000000000000000000000000000000000000000000000000000000000000000000000000000000000000000000000000000000000000000000000000000000000000000000000000000000000000000010000000000000000000000000000000000000000000000000000 -0.18630690313875675 8.0
100000000000000000000000000000000000000000000000000000000000000000000000000000000000000000000000000000000000000000000000000000000000001010000000000001000000000000001000000001000000000000000000000000000000000000000000000000000000000000000000000000000000000000000000000000000000000000000000000000000000000000000000000000000000000000000000000000000000000000000000000000000000000000000000000000000000000000000000000000000000000000000000000000000000000000000000000000000000000100000000000000000000000000000000000000000000000000000000000000100000000000000000000000000000000000010000000000000000000000000000000000000000000000000000 -0.20449110306799412 9.0
000000000000000000001000000000000000000000000000000000000000000000000000000000000000000000000000000000000000000000000000000000000000001010000000100001000000000000000000000000000000000000000000000000010000000000000000000000000000000000000000000000000000000000000000000000000000000000000000000000000000000000000000000000000000000000000000000000000000000000000000000000000000000010000000000000000000000000000000000000000000000000000000000000000000000000000000100000000000000000000000000000000000000000000000000000000000000000000000000001000000000000100000000000000000000000000000000000000000000000000000000000000000000000000000 -0.23454350419342518 10.0
100000000000001000000000000000000000000000000000000000000000000000000000000000000000000000000000000000000000000000000000000000000000000010000000000001000000000000000000000001000000001000000000000000000000000000000000000000000000000000000000000000000000000000000000000000000000000000000000000000000000000000000000000000000000000000000000000000000000000000000000100000000000001000000000000000000000000000000000000000000000000000000000000000000000000000010000000000000000000000000000000000000000000000000000000000000000000000000000000001000000000000000000000000000000000000000000000000000000000000100000000000000000000000000000 -0.28434349969029427 11.0
000000000000001000000000000000000000000000000000000000000000000000000000000000000000000000000000000000000000010000000000000000000000000010001000100001000000000000000000000001000000001000000000000000000000000000000000000000000000000000000000000000000000000000000000000000000000000000000000000000000000000000000000000000000000000000000000000000000000000000000000100000000000001000000000000000000000000000000000000000000000000000000000000000000000000000000000000000000000000100000000000000000000000000000000000000000000000000000000000001000000000000000000000000000000000000000000000000000000000000000000000000000000000000000000 -0.325527997687459 12.0
100000000000001000000000000000000000000000000000000000000000000000000000000000000001000100000000000000000000000000001000000000000000000010000000000001000000001000001000000000000000001000000000000000000000000000000000000000000000000000000000000000000000000000000000000000000000000000000000000000000000000000000000000000000000000000000000000000000000000000000000000000000000000000000000000000000000000000000000000000000000000000000000000000000000000000000000000000000000000100000000000000000000000000000000000000000000000000000000000001000000000000000100000001000000000000000000000000000000000000000000000000000000000000000000 -0.3655108008533716 14.0
100000000000001000000000000000000000000010000000000000000000000000000000000000000000001100000000000000000000000000000000000000000000001010000000100001000000000000000000000000000000001000000000000000000000000000000000000000000000000000000000000000000000000000000000000000000000000000000000000000000000000000000000000000000000000000000000000000000000000000000000000000000000000100000000000000000000000000000000000000000000000000000000000000000000000000000000000000000000000100000000000000000000000000000000000000000000000000100000000000000000000000000100000001000000000000000000000000000000000000000000000000000000000000000000 -0.3772264998406172 15.0
100000000000001000001000000000000000000000000000000000000000000000000000000000000000010000000000000000000000000000000000000000000000001000001000100001000000000000000000100000000000001000000000000000000000000000000000100000000000000000000000000000000000000000000000000000000000000000000000000000000000000000000000000000000000000000000000000000000000000000000000000000000000001000000000000000000000000000000000000000000000000000000000000010000000000000000000100000000000001100000000010000000000000000000000000000000000000000000000000000000000000000000000000000000000000000000000000000000000000000000000000000000000000000000000 -0.3913958016782999 17.0
100000000000001000001000000000000000000000000000000000000000000000000000000000000000000000000000000000000000000000000000000000000000000010001000000001000000000000000000100001000000001000000000000000000100000000000000100010000000000000000000000000000000000000000000000000000000000000000000000000000000000000000000000000000000000000000000000000000000000000000000100000000000001000000000000000000000000000000000000000000000000000000000000000000000000000000000100001000000000100000000000000000000000000000000000000000000000000000000000001000000000000000000000000000000000000000000000000000000000000000000000000000000000000000000 -0.4456393998116255 18.0
100001000000001100001000000000000000000000000000000000000000000000000000000000000000001000000000000000000000000000000000000001000000000010001100000001000000001000000000000001000000001000000000000000000000000000000000000000000000000000000000000000000000000000000000000000000000000000000000000000000000000000000000000000000000000010000000000000000000000000000000000000000000001000000100000000000000000000000000000000000000000000000000000000000000000000000000000000000000000100000000000000000000000000000000000000000000000000000000000000000000000000100000100000000000000000000000000000000000000000000000000000000000000000000000 -0.5173781979829073 20.0
100000000000001000001000000000000000000000000000000000000000000000000000010000000000001100000000000000000000000000001000000000000000000010000000000001000000001000000000100000000000001000000000000000000000000000000000100000000000000000000000100000000000000000000000000000000000000000000000000000000000000000000000000000000000000000000000000000000000000000000000000000000000001000000000000000000000000000000000000000000000000000000000000000000000000000000000100001000000000100000000000000000000000001000000000000000000000000000000000001000000000000000100000001000000000000000000000000000000000000000000000000000000000000000000 -0.5253218002617359 22.0
100010000000001100001000000000000000000000000000000000000000000000000000000000000000001000010000000000100000000000000000000001000000001000001000000001000000001000000001100000000000001100000000000000000000000000000000000000000000000000000000000000000000000000000000000000000000000000000000000000000000000000100000000000000000000000000000000000000000000000000000000000000000000000000000000000000000000000000000000000000000000000000000000000000000000000000000100000000000000100000000000000000000000000000000000000000000000000000000100001000000000010000000000001000000000000000100000000000000000000000000000000000000000000000000 -0.5768191032111645 25.0
100001000000001100001000000000000000000000000000000000000000000000000000000000000000001000000000000000000000001000000000100001000000001010001100000001000000001000000000100000000000001000000000000000000000000000000000000000000000000000000000000000000000000000000000000000000000000000000000000000000000000000000000000000000000000010000000000000000000000000000000000000000000000000000000000000000000001000000000000000000000000000000000000000000000000000000000000000000000000100000000000000000000000000000000000000000000000000000000100000000000001000100000100001000000000000000000000000000010000000000000000000000000000000000000 -0.638354804366827 26.0
100010000000001110001000000000100000000000000000000000000000000000000000000000000000001000010000000000100000000000000000000001000000001000001000000001000000001000000000100001000000001101000000000000000000000000000000000000000000000000000000000000000000001000000000000000000000000000000000000000000000000000000000000000000000001000000000000000000000000000000000000000000000000000000000000000000000000000000000000000000000000000000000000000000000000000000000100000000000000100000100000000000000000000000000000000000000000000000000100001000000000010000000000001000000001000000100000000000000000000000000000000000000000000000000 -0.6957653015851974 31.0
100000000000001110001000000000000000000000000000000000000000000000000000000000000000001100000000000000000000000000000000100000000000001000000000000001000000001000000000100001010000001010000000000000000000000000000000100000000000000000000000000000000000000000000000000000000000000000000000000000000000000000000000000000000000000000000000000000000000000000000000000000000000000000000101000000000000001000000000001000000000000000000000000000000000000000000000100001000000000100000100000000000000000001000000000000000000100000000000100001000000000110000100100001000000001000001000000000000000000000000000000000000000000000000000 -0.832090700045228 36.0
100001000000001110001000000000000000000000000010000000000000000000000000000000000000001000000000000000000000001000000000100000000000001000001000000001000000001000000000100001010000001010000000000000000000000000000000000000100000000000000000000000000000000000000000000000000000000000000001000000000000000000000000000000000000001000000000000100000000000000000000000000000000000100000101000000000000000000000010001000000000000000000000000000000000000000000000000001000000000100000100000000000000000000000000000000000000000000000000100001000000000110000000100001000000001000001100000010000000000000000000000000000000000000001000 -0.8769432008266449 42.0
100101000100001110011000000000000000000100000010000000000000000000000000000001000000001000010000000000000000001000000000100100000000001000001000000001000000001000000100100001010000001010001000000100000000000000000000000000100010000100000000000000000000000000000000000000000000000000000101000000100000000000000000000000000000001000000000000100000000000000000000000000000000001100000101000000000000000000000010001000001000000000000000000000000000000000000000000001000000000100000100100000000000000000010000000000000000100000000000100001000000000110000000100001000000101000001100000010000000000000000000000000000000000000000000 -0.9739523995667696 61.0
#
