# Problem = Knapsack
# Variables = 1
# Objectives = 2
100000000000000000000000000000000010000001000000010000000001100000000011000000000000000000000000000100000000000000000000000010000000000000000000000001000000000000000000000000010000001000000000000000010000001000000000000000000000000000000000000000001000000010000000000000000100000000000000000000000010000001000000010000000001100000000011001000000000010000110000000000010000001000000000000000010000001000000000000000001000000010000000000000000000000100001100000000000000000100001100000000000010000001000000000000000000000100001100000000000000000100001100000000000000000100001100010000000001100000000011010000000001100000000011 -0.09134819882456213 62.0
100000000000000000000000000000000010000001000000010000000001100000000001000000000000000000000000000000000000000000000000000010000000000000000000000000000000000000000000000000010000001000000000000000010000001000000000000000000000000000000000000000001000000010000000000000000100000000000000000000000010000001000000010000000001100000000011001000000000000000110000000000010000001000000000000000010000001000000000000000001000000010000000000000000000000100001100000000000000000100000100000000000010000001000000000000000000000100001100000000000000000100001100000000000000000100001101010000000001100000000011010000000001100000000011 -0.08573909889673814 58.0
100000000000000000000000000000000010000001000000010000000001100000000001000000000000000000000000000000000000000000000000000010000000000000000000000000000000000000000000000000010000001000000000000000010000001000000000000000000000000000000000000000000000000010000000000000000100000000000000000000000010000001000000010000000001100000000011001000000000000000110000000000010000000000000000000000010000001000000000000000001000000010000000000000000000000100001100000000000000100100000100000000000010000001000000000000000000000100001100000000000000000100001100000000000000000100001100010000000001100000000011010000000001100000000011 -0.08253389893798158 56.0
100000000000000000000000000000000010000001000000000000000001100000000011000000000000000000000000000100000000000000000000000010000000000000000000000001000000000000000000000000010000001000000000000000010000001000000000000000000000000000000000000000001000000010000000000000000100000000000000000000000010000001000000010000000001100000000011001000000000010000110000000000010000001000000000000000010000001000000000000000001000000010000000000000000000000100001100000000000000000100001100000000000010000001000000000000000000000100001100000000000000000100001100000000000000000100001100010000000001100000000011010000000001100000000011 -0.09054689883487299 61.0
100000000000000000000000000000000010000001000000010000000001100000000011000000000000000000000000000100000000000000000000000010000000000000000000000001000000000000000000000000010000001000000000000000010000001000000000000000000000000000000000000000001000000010000000000000000000000000000000000000000010000001000000010000000001100000000011001000000000010000110000000000010000001000000000000000010000001000000000000000001000000010000000000000000000000100001100000000000000000100001100000000000010000001000000000000000000000100001100000000000000000100001100000000000000000100001100010000000001100000000010010000000001100000000011 -0.08894429885549471 60.0
000000000000000000000000000000000010000001000000010000000001100000000011000000000000000000000000000100000000000000000000000010000000000000000000000000000000000000000000000000010000001000000000000000010000001000000000000000000000000000000000000000001000000010000000000000000100000000000000000000000010000001000000010000000001100000000011001000000000010000110000000000010000001000000000000000010000001000000000000000001000000010000000000000000000000100001100000000000000000100001100000000000010000001000000000000000000000100001100000000000000000100001100000000000000000100001100010000000000100000000011010000000001100000000011 -0.08814299886580557 59.0
100000000000000000000000000000000010000001000100010000000001100000000000000000000000000000000000000000000000000000000000000010000000000000000000000000000000000000000000000000010000001000000000000000010000001000000000000000000000000000000000000000001000000010000000000000000100000000000000000000000010000001000000010000000001100000000011001000000000000000110000000000010000000000000000000000010000001000000000000000001000000010000000000000000000000100001100000000000000000100000100000000000010000001000000000000000000000000001100000000000000000100001100000000000000000100001100010000000001100000000011010000000001100000000011 -0.08173259894829243 55.0
110000000000000000000000000000000010000001000000010000000001100000000010000000000000000000000000000100000000000000000000000000000000000000000000000000000000000000000000000000010000001000000000000000010000001000000000000000000000000000000000000000001000000010000000000000000100000000000000000000000010000001000000010000000001100000000011001000000000010000010000000000010000001000000000000000010000001000000000000000001000000010000000000000000000000100001100000000000000000100001000000000000010000001000000000000000000000100001100000000000000000100001000000000000000000100001100010000000001100000000011010000000001100000000011 -0.08413649891735986 57.0
#
