# Problem = Knapsack
# Variables = 1
# Objectives = 2
11011111011110111011111110001100011101010100110100111100111111011111000111011000100011011011011111010011001110111111110111000111011001011111111011110111111111111110111111011110011100110000000000100001000100000001000000101100010000001000001101000011100010101110000010000000000100000100100001000001000000110010000000000010000000000100010001000101001011001011000000000000 -0.3845120982732624 169.0
10000010000010000100000000001000000000000000000000000000000000000000000000000000000000000001000100100011000000000000010000000001001001000100010000000100000010000000000000000110000000000000000000000000000100000000000000000000000000001000000000000001100000000000000000000000000000000000100001000010000000100000000000010000000000000000000000000000000010000010000000000000 -0.1154894984792918 31.0
10000010000010000000000000000000000000000000000000001000000000000000000000000000000000000000000100010011000000000000010000000001001001000100010000000100001010000010000001000110000000010000000000000000000100000000000000000000000000001000000000000001100000000000001000000000000000000000100001000000000000100000000000000000000000000000000000000000001010000010000000000000 -0.14221059810370207 33.0
10000010010010000000000000000000000000000000000000000000000000000000000000000000000000000000000000010010000100101000010010000101001001000100100000000100100010011110000101000110001000000000000000000000000100000000000000000000000000001000000000000001100000000000000000000000000000000000100001000000000000100000000000000000000000000100000000000100001010000010000000000000 -0.17572519788518548 41.0
10000010010010000000000000000000000000000000000000001000000000000100000000000000000000000000000100000010000000100000010000000011001000000001100000000110100010010110000000000110001000000000000000000000000100000000000000000000000000001000000000000001100000000000000000000000000000000000000001000000000000110000000000000000010000000100000000000100001000000010000000000000 -0.15398599847685546 37.0
10000010000010000000000000000000000000000000000000001000000000010000000000000000000000000000000000000011000100000000010000000101001000001000100000000100000011000110010000000110000000000000000000000000000100000000000000000000000001001000000000000001100000000000000000000000000000000000100001000000000000110000000000000000000000000000000000000100001010000010000000000000 -0.1480982982320711 35.0
10000010000010000000000000000000000000000000000000001000000000000000000000000000000000000000000100010011000100010000010000000101001001001100110010000100100010010110000000000010000000000000000000000000000100000000000000000000000000001000000000000001100000000000000000000000000000000000100001000000000000110000000000000000000000000000000000000000001010000010000000000000 -0.16032659821212292 38.0
10000010010010000000000000000000000000000000000000001000000000000000000000000000000000000000000100010010000100001000010001000101001001000100110010000100100010010110000000000110001000000000000000000000000100000000000000000000000000001000000000000001100000000000000000010000000000000000100001000000000000100000000000000000000000000100000000000000001010000000000000000000 -0.16621429845690727 40.0
10000010010010000000000000000000000000000000000000001000000000000000000000000000000000000000000000010011000100011000010000000100001001000100110010000100100010010110010100000110001000100000000000000000000100000000000000000000000000001000000000000001100000000000000000000000000000000000100001000000000000110000000000000010000000000100000000000100001010000010000000000000 -0.18704769806936383 45.0
11011111011010101001111011001000011101010110110100111100111111011111000111011000111011011011010111011011001110111111110111000111011001011111111011110111111111111110111111011110011100110000000000100001000110000001000000100101010000001000001100000011110010100110000010100000000100010100100001000000000000110000000000000010000000000100010001000100001011001010000000000000 -0.38451209815684706 166.0
10000000010010000000000100000000000000000000000000001000000000000000000000000000000000000000000000010011000100001000010010000111001001000100110000010100100010011110000101000100000000000000000000000000000100000000000000000000000000001000000000000001100000000000000000000000000000000000100001000000000000100000000000000000000000000100000000000100001010000010000000000000 -0.17934839788358659 43.0
10000010010010000000000000000000000000000000000000001000000000000000000000000000000000000000000000010010000110001100010000000011001001000101110000010100100010011110010100000110001000000000000000000000000100000000000000000000000000001000000000000001100000000000000000000000000000000000100001000000000000100000000000000000000000000100000000000100001011000010000000000000 -0.19248249800875783 46.0
10000010010010000000000000000000000000000000000000000000000000000000000000000000000000000000000100010010000100001000010010000111001001001000110000000100100010011110000101000110001000000000000000000000000100010000000000000000000000001000000000000001100000000000000000000000000000000000100001000000000000100000000000000000000000000100000000000100001010000010000000000000 -0.18251869780942798 44.0
10000010010010000000000000000000000000000000000000001000000000001000000000000000000000000000010111010011001110111111110111000111011001011101111011110110111111111110111111010110010100110000000000000001000100000000000000000000000000001000000000000001100000000000000000000000000000000000100001000000000000110000000000000010000000000100010001000100001011001010000000000000 -0.30842489679344 89.0
10000110010010000000000000000000000000000000000000001000000000001000000000000000000000000000010000010011001110111101110111000111011001011111111011110110111111111110111111010110011100110000000000000000000100000000000000000000000000001000001100000001100000000000000000000000000000000000100001000000000000110000000000000000000000000100010001000100001011001010000000000000 -0.3020842969417572 88.0
10000010010010000000000000000000000000000000000000001000000000000000000000000000000000000000010100010010000110001000010000000111001001001000110001010100101010111110000101000110001000000000000000000000000100000000000000000000000000001000000000000001100000000000000000000000000000000000100001000000000000100000000000000000000000000100000000000100001010000010000000000000 -0.2010875977575779 49.0
11011111011010101011111010001000011101010110110100111100111111011111000111011000100011001011010111010011001110111111110111000111011001011111111011110110111111111110111111011110011101110000000000100001000110000001000000100101010000001000001100000011100010100110000010110000000100010100100001000000000000110000000000000010000000000100011001000100001011001010000000000000 -0.38270049809943885 163.0
11001111010110111011111010001000011001001100110000111100111001011111000111011000101101011001010111010011001110111111110111000111011001011111111011110110111111111110111111010110011100110000000000100001000100000001000000100101010000001000001100000011100010100110000010100000000100000000100001000000000000110000000000000010000000000100010001000101001011001010000000000000 -0.3772656979272142 153.0
10000010010010000000000000000000000000000000000000001000000000000000000000000000000000000000010110010010000110101000010000000101011001001101111000000100101010011010010101000110001000000000000000000000000100000000000000000000000000001000000000000001100000000000000000000000000000000000100001000000000000100000000000000000000000000100000000000100001010000010000000000000 -0.20606949785724282 51.0
10000010010010000001000000000000000000000000000000001000000000000000000000000000000000000000000100010010000110101100010010000010001001000100111001000100101011111110010011000110001100000000000000000000000100000000000000000000000000001000000000000001100000000000000000000000000000000000100001000000000000100000000000000000000000000100000000000100001011000010000000000000 -0.21467459783889353 54.0
10000010010010000000000000000000000000000000000000001000000000001000000000000000000000000000010111010011000110011101110111000111011001010111111011110100111111111110010111010110001100110000000000000000000100000000000000000000000000001000000000000001100000000000000000000000000000000000100001000000000000110000000000000000000000000100010000000100001011001010000000000000 -0.2853269970510155 80.0
10000010010010000000000000000000000000000000000000001000000000000000000000000000000000000000010110010011000110101101010011000111001001000101111001010110101011011110011001000110001000000000000000000000000100000000000000000000000000001000000000000001100000000000000000000000000000000000100001000000000000110000000000000000000000000100010000000100001010000010000000000000 -0.2373195975087583 62.0
10000010010010000000000000000000000000000000000000001000000000000000000000000000000000000000010001010011000110111111010011000111011001011101111001010110101110011110110101010110001000010000000000000000000100000000000000000000000000001000000000000001100000000000000000000000000000000000100001000000000000110000000000000000000000000100000001000100001010001010000000000000 -0.2590587972663343 70.0
10000010010010000000000000000000000000000000000000001000000000000000000000000000000000000000010101010011000100011100010101000111011001011101110001010100101011011110011101010110001000100000000000000000000100000000000000000000000000001000000000000001100000000000000000000000000000000000100001000000000000110000000000000010000000000100010000000100001011000010000000000000 -0.2481891973875463 66.0
10000010010010000000000000000000000000000000000000001000000000001000000000000000000000000000010111010011000110011101110101000111011001010101111001110100111111111110010101010110001100110000000000000000000100000000000000000000000000001000000000000001100000000000000000000000000000000000100001000000000000110000000000000010000000000100010000000100001011001010000000000000 -0.2771747971419245 77.0
10000010010010000000000000000000000000000000000000001000000000000000000000000000000000000000010100010011000100101101010001000111001001001011111000000100101010011110110100000110001000000000000000000000000100000000000000000000000000001000000000000001100000000000000000000000000000000000100001000000000000100000000000000000000000000100000000000100001010001010000000000000 -0.21829779772087932 55.0
10000110011010000011000000001000000000000100000100001100100000001110000011011000000000000000010111010011001110111111110111000111011001011111111011110110111111111110111111010110011100110000000000100001000110000000000000100001000000001000001100000011100010100010000010100000000000000000100001000000000000110000000000000010000000000100010001000100001011001010000000000000 -0.3460155972279608 118.0
10000010010000000000000100000000000000000000000000001000000000000000000000000000000000000000000000010011000100001000010010000100001001000100100000000100100010011110000101000110001000000000000000000000000100000000000000000000000000001000000000000001100000000000000000000000000000000000100001000000000000100000000000000000000000000100000000000100000010000000000000000000 -0.16485559835564345 39.0
10000010000010000000000000000000000000000000000000001000000000000000000000000000000000000000000100010011000000110000010000000001001001000100010000000100001010010010000000000110000000010000000000000000000100000000000000000000000000001000000000000001100000000000000000000000000000000000000001000000000000110000000000000000010000000000000000000000001000000010000000000000 -0.14266349840909243 34.0
10000010010010000000000000000000000000000000000000001000000000000000000000000000000000000000000000010011000110101000010011000101001001000100100000000100100011011110010011000110011000000000000000000000000100000000000000000000000000001000000000000001100000000000000000000000000000000000100001000000000000100000000000000000000000000100000000000100001010000010000000000000 -0.19655859796330333 48.0
10000010010010000000000000000000000000000000000000001000000000001000000000000000000000000000010111010011001110111111110110000110011001011111111001110110111111111110111101010110011000110000000000000000000100000000000000000000000000001000000000000001100000000000000000000000000000000000100001000000000000110000000000000010000000000100010001000100001011001010000000000000 -0.2989139968995005 85.0
10000010010010000000000000000000000000000000000000001000000000000000000000000000000000000000000100010010000110101100010001000011001001000101110001010100101010011110010011000110001000000000000000000000000100000000000000000000000000001000000000000001100000000000000000000000000000000000100001000000000000100000000000000000000000000100000000000100001011000010000000000000 -0.21014559781178832 52.0
11001111011010111011011110001000011111010100111100111100111111001111000111011000101001011001010111010011001110111111110111000111011001011111111011111110111111111110111111010110011100110000000000100001000110000001000000000101010000001000001100000001100010100110000010100000000000000000100001000000000000110000000000000010000000000100010001000100001011001010000000000000 -0.37817149807233363 155.0
10000010010010000001000000000000000000000000000000001000000000001000000000000000000000000000010111010011001110111111110111000111011001011111111011110110111111111110111111010110011100110000000000000000000100000000000000000000000000001000000000000001100000000000000010000000000000000000100001000000000000110000000100000010000000000100010001000100001011001010000000000000 -0.3156712967902422 93.0
10000010010010000010000000000000000000000000000000001000000000001000000000000000100000000000010111010011001110111111110111000111011101011111111011110110111111111110111111010110011100110000000000000001000100000000000000000000000000001000000000000001100000100000000000000000000000000000100001000000000000110000000000000010000000000100010001000100001011001010000000000000 -0.3170299967750907 95.0
10000010010010000000000000000000000000000000000000001000000000000000000000000000000000000000010101010011000110011001010011000111001001001000111000100100101010111110010110000110001000010000000000000000000100000000000000000000000000001000000000000001100000000000000000000000000000000000100001000000000000110000000000000000000000000100000000000100001010000010000000000000 -0.2264499976299703 58.0
10000010010010000000000000000000000000000000000000001000000000000000000000000000000000000000010100010011000110001101010000000010001001011101110000010110111010111010110100010110001100100000000000000000000100000000000000000000000000001000000000000001100000000000000000000000000000000000100001000000000000110000000000000000000000000100000000000100001011000010000000000000 -0.2291673975996673 59.0
10000010010010000000000000000000000000010000000000001000000000001000000010000000000000000000010111010011001110111111110110000111011001011101111001110110111111111110010101010110001100110000000000000000000100000000000000000000000000001000000000000001100000000000000000000000000000000000100001000000000000110000000000000010000000000100010000000100001011001010000000000000 -0.2934791970765218 84.0
10000010010010000000000000000000000000000000000000001000000000000000000000000000000000000000010100010011000100011101110111000111011001010101111001100100111111111110011101010110001100110000000000000000000100000000000000000000000000001000000000000001100000000000000000000000000000000000100001000000000000110000000000000010000000000100010000000100001010001010000000000000 -0.2672109971754253 73.0
10000010010010000000000000000000000000000000000000001000000000001000000000000000000000000000000110010010000110101100010111000111011001001101111001000100101010011110011111000110011000000000000000000000000100000000000000000000000000001000000000000001100000000000000000000000000000000000100001000000000000100000000000000000000000000100000000000100001010000010000000000000 -0.23369639762677252 61.0
10000010010010000001000000000000000000000000000000001000000000000000000000000000000000000000010111010011001110111011010011000111001001010101111001010100101011011110010111010110011100110000000000000000000100000000000000000000000000001000000000000001100000000000000000000000000000000000100001000000000000110000000000000010000000000100010000000100001011001010000000000000 -0.2717399972025305 75.0
10000010010010000000000000000000000000000000000000001000000000001000000000000000000000000000000111010011000110111101110111000111011001011101101000010110111111011110111110010110011100100000000000000000000100000000000000000000000000001000000000000001100000000000000000000000000000000000100001000000000000110000000000000000000000000100000000000100001011001010000000000000 -0.2744573971722275 76.0
10000010010010000000000000000000000000000000000000001000000000000000000000000000000000000000010111000011000110011101010011000110001001000110111001110100101011011110111101010110001000000000000000000000000100000000000000000000000000001000000000000001100000000000000000000000000000000000100001000000000000110000000000000000000000000100000000000100001010000010000000000000 -0.2400369974784553 63.0
10000010010010000000000000000000000000000000000000001000000000001000000000000000000000000000000110010010000110101100010011000111001001001111111001010110101010111110111101000110001000100000000000000000000100000000000000000000000000001000000000000001100000000000000000000000000000000000100001000000000000100000000000000000000000000100000001000100001010001010000000000000 -0.24456599750556052 65.0
10000010010010000000000000000000000000000000000000001000000000001000000000000000000000000000010011010011000110111101110011000111011001011110111000010110101110011110110000010110011000100000000000000000000100000000000000000000000000001000000000000001100000000000000000000000000000000000100001000000000000110000000000000000000000000100000000000100001010001010000000000000 -0.2554355973843485 69.0
10000010010010000000000000000000000000000000000000001000000000001000000000000000000000000000010111010011000110111111110011000111001001010101111001110110111011111010010100010110000100100000000000000000000100000000000000000000000000001000000000000001100000000000000000000000000000000000100001000000000000110000000000000000000000000100010000000100001010001010000000000000 -0.2635877972934395 72.0
10000010010010000000000000000000000000000000000000001000000000000000000000000000000000000000010111010011000110101101010011000111001001000110110001010110111010011110011100000110011100110000000000000000000100000000000000000000000000001000000000000001100000000000000000000000000000000000100001000000000000100000000000000010000000000100000000000100001011001010000000000000 -0.2509065973572433 67.0
10000010010010000000000000000000000000000000000000001000000000000000000000000000000000000000010011000011000110111111110111000111011001011111111010110110101111011110111111010110011100100000000000000000000100000000000000000000000000001000000000000001100000000000000000000000000000000000100001000000000000110000000000000010000000000100010000000100001011001010000000000000 -0.2889501969330013 81.0
10000010010010000000000000000000000000000000000000001000000000000000000000000000000000000000000101010011000110111101110111000111011001010101111001110110111111111110011111010110011100110000000000000000000100000000000000000000000000001000000000000001100000000000000000000000000000000000100001000000000000110000000000000010000000000100000000000100001010001010000000000000 -0.2807979970239103 78.0
10000010010010000000000000000000000000000000000000001000000000000000000000000000000000000000000100010010000110101001010011000011001001000101110001010100111010011110010011000110001000000000000000000000000100000000000000000000000000001000000000000001100000000000000000000000000000000000100001000000000000100000000000000000000000000100010001000100001010001010000000000000 -0.22101519769057631 56.0
10000010010010000000000000000000000000000000000000001000000000000000000000000000000000000000010100010010001110111000010100000010001001000000111000010110101011111110010101010110001100100000000000000000000100000000000000000000000000001000000000000001100000000000000000000000000000000000100001000000000000100000000000000000000000000100000000000100001011000010000000000000 -0.2237325976602733 57.0
11011010011110001001001010000000000100000000100100001100100000001111000011011000001001010000010111010011001110111111110111000111011001011111111011111110111111111110111111010110011100110000000000100000000110000001000000100100000000001000001100000011100010000110000010100000000000000000100001000000000000110000000000000010000000000100010001000100001011001010000000000000 -0.3541677974862978 128.0
10000010010010000000000000000000000000000000000000001000000000000000000000000000000000000000010100010010001100011001010000000111001001001000111000000110101011111110000001000110000000000000000000000000000100000000000000000000000000001000000000000001100000000000000000000000000000000000100001000000000000100000000000000000000000000100000000000100001010000010000000000000 -0.2038049977272749 50.0
10000010010010000000000000000000000000000000000000001000000000001000000000000000000000000000010111010011001110111111110111000111011001011101111011110110111111111110111111010110011100110000000000000001000100000000000000000000000000001000001100000001100000000000000000000000000000000000100001000000000000110000000000000010000000000100010001000100001011001010000000000000 -0.3134067967766896 92.0
11001011011110101001011010001000011100010100110100101000101001001111000011011000101101011001010111010011001110111111110111000111011001011111111011110110111111111110111111010110011100110000000000100001000100000101000000100101010000001000001100000011100010100110000010100000000100010000100001000000000000110000000000000010000000000100010001000100001011001010000000000000 -0.37273669778369367 147.0
11011111011110111011111110001000010101010100010100101000111111001101000011011000100011001000010111010011001110111111110111000111011001011111111011110111111111111110111111010110011100110000000000100001000100000001000000000111010000001000000100000001100010100110000010100000000100000000100001000000000000110000000000000010000000000100010001000100001011001010000000010000 -0.372736697900109 149.0
10000010010110000001000010000000000000000000100100011100110000001010000000000000100000000000010111010011001110111111110111000111011001011111111011110110111111111110111111010110011100110000000000100000000100000000000000000000000000001000000000000011100000100010000010100000000000000000100001000000000000110000000000000010000000000100010001000100001011001010001000000000 -0.3328814971027896 108.0
11001010011010101001001010001000001001010000110100111100111011011010000011010000101000000001010111010011001110111111110111000111011001011111111011110110111111111110111111010110011100110000000000100001000100000001000000100001010000001000001000000001100010100110000010100000000100000000100001000000000000110000000000000010000000000100010001000100001011001010000000000000 -0.3632257975405082 135.0
11001010011010001001001010000000010000000000100100001000100000001100000011010000100011000001010111010011001110111111110111000111011001011111111011110110111111111110111111010110011100110000000000100000000100000001000000000101010000001000001000000001100010000110000010100000000000000000100001000000000000110000000000000010000000000100010001000100001011001010000000000000 -0.34828009724151343 120.0
10000010010010000000000000000000000000000000000000001000000000000000000000000000000000000000000100010011001110101101110111000110001001011101111000010110111010111110110100010110001100100000000000000000000100000000000000000000000000001000000000000001100000000000000000000000000000000000100001000000000000110000000000000000000000000100000000000100001011001010000000000000 -0.2536239973269403 68.0
10000010010010000000000000000000000000000000000000001000000000001000000000000000000000000000010111010011000110111101010111000111001001010101111001010100111011111110010101010110001000110000000000000000000100000000000000000000000000001000000000000001100000000000000000000000000000000000100001000000000000110000000000000000000000000100010001000100001011001010000000000000 -0.2690225972328335 74.0
10000010010010000000000000000000000000000000000000001000000000000000000000000000000000000000010101010011000110011001010011000111001001001101111001110100101010111110010100000110001000000000000000000000000100000000000000000000000000001000000000000001100000000000000000000000000000000000100001000000000000110000000000000000000000000100000000000100001010000010000000000000 -0.2318847975693643 60.0
10000010010010000000000000000000000000000000000000001000000000000000000000000000000000000000010100010011000100011101110111000111001001000111110001000100111010111110011101000110001000010000000000000000000100000000000000000000000000001000000000000001100000000000000000000000000000000000100001000000000000100000000000000010000000000100010001000100001010000010000000000000 -0.2427543974481523 64.0
10000010010010000000000000000000000000000000000000001000000000000000000000000000000000000000010111010011000110111001010011000111001001000101111001010100111011011110010101010110001100110000000000000000000100000000000000000000000000001000000000000001100000000000000000000000000000000000100001000000000000110000000000000010000000000100010001000100001011001010000000000000 -0.2617761972360313 71.0
10000010010010000000000000000000000000000000000000001000000000000000000000000000000000000000010100010010001110001001010000000111001001000001111000000110101011011110001001000110001000000000000000000000000100000000000000000000000000001000000000000001100000000000000000000000000000000000100001000000000000110000000000000000000000000100010000000100001010000010000000000000 -0.2119571976363659 53.0
10000010010010000000000000000000000000000000000000001000000000001000000000000000000000000000010110010011001110111101110111000111011001011101111001110100111111111110111101010110011100110000000000000000000100000000000000000000000000001000000000000001100000000000000000000000000000000000100001000000000000110000000000000000000000000100010000000100001011001010000000000000 -0.2907617969904095 82.0
10000010010010000000000000000000000000000000000000001000000000001000000000000000000000000000010110010010001110101110110111000111011001011111111010110110101111011110110111010110000000110000000000000000000100000000000000000000000000001000000000000001100000000000000000000000000000000000100001000000000000110000000000000010000000000100010001000100001011001010000000000000 -0.2826095970813185 79.0
10000111010010011001011100000000010000010100000100001100111000001011000011010000000001000001010111010011001110111111110111000111011001011111111011110110111111111110111111010110011100110000000000100001000100000000000000100101010000001000001000000001100000000110000010100000000100000000100001000000000000110000000000000011000000000100010001000100001011001010000000000000 -0.35326199734117836 126.0
11001111011110110011111110001000010100010100010100101000111111001101000011011000100010011011010111010011001110111111110111000111011001011111111011110110111111111110111111010110011100110000000000100001000100000001000000000101010000001000001100000001100010100110000010100000000000000000100001000000000000110000000000000010000000000100010001000100001011001010000000000000 -0.3718308978714049 145.0
10011110011010010001001000001000011000000000000100011100111101001111000011010000100001001001010111010011001110111111110111000111011001011111111011110110111111111110111111010110011100110000000000100001000110000001000000100101010000001000001100000001100000000110000010100000000100000000100101000000000000110000000000000010000000000100010001000100001011001010000000000000 -0.3609612975269556 134.0
10000010010010000000000000000000000000000000000000001000000000000000000000000000000000000000000100010010000110101000010011000111001001000001100000000100100011111110010000000110001000000000000000000000000100000000000000000000000000001000000000000001100000000000000000000000000000000000100001000000000000100000000000000000000000000100000000000100001010000010000000000000 -0.19519989797845483 47.0
11001111011010111001011110001000011101010100110100111100110111001111000011011000101001011001010111011011001110111111110111000111011001011111111011111110111111111110111111010110011100110000000000100001000110000001000000100101010000001000001100000001100010000110000010100000000000000000100001000000000000110000000000000010000000000100010001000100001011001010000000000000 -0.3754540979862213 151.0
11001111011010101011111110001000011001010110110100101100110111001111000111011000100111001001010111010011001110111111110111000111011001011111111011110110111111111110111111010110011100110000000000100001000110000001000000100101010000001000001100000011100010100110000010110000000100010100100001000000000000110000000000000010000000000100011001000100001011001010000000000000 -0.3790772979846224 157.0
11001011011010101001011010001000011001010100110100111100111010001111000011011000101001000001010111010011001110111111110111000111011001011111111011110110111111111110111111010110011100110000000000100001000100000001000000100101010000001000001100000011100010000110000010100000000100010000100001000000000000110000000000000010000000000100010001000100001011001010000000000000 -0.37047219777014107 144.0
10000010010010000101000000000000000000000000000000001000100000001000000000000000000000000000010111010011001110111111110011000111011001011111111010110110111111111110111111010110011100110000000000000000000100000000000000000000000000001000000000000001100000000000000000000000000000000000100001000000000000110000000000000010000000000100010001000100001011001010000000000000 -0.3106893969234079 91.0
10000010010010000001000010000000000000000000100100011000101000001010000110000000000000000000010111010011001110111111110111000111011001011111111111110110111111111110111111010110011100110000000000100000000100000001000000000000000000001000000000000011100010100010000010100000000000000000100001000000000000110000000000000010000000000100010001000100001011001010000000000000 -0.3355988970724866 109.0
11001111011110111001001000000000010100000000110100001000100000001101000011010000101011000001010111010011001110111111110111000111011001011111111011110110111111111110111111010110011100110000000000100001000100000001000000000101010000001000001000000011100000000110000010100000000000000000100001000000000000110000000000000010000000000100010001000100001011001010000000000000 -0.3564322974998504 129.0
10001010010010000001000000000000000000000000000000001000100000001000000000010000100000000000010111010011001110011111110111000111011001011111111011110110111111111110111111010110011100110000000000100001000100000000000000000000000000001000000000000011100010100110000010000000000000000000100001000000000000110000000000000010000000000100010001000100001011001010000000000000 -0.32654089690186083 102.0
10000010011010000001000010000000000001000000010100001000100000001000000010000000000000000000010111010011001110111111110111000111011001011111111011110110111111111110111111010110011100110000000000100000000100000000000000100000000000001000000000000001100010100010000010100000000000000000100001000000000000110000000000000010000000000100010001000100001011001010001000000000 -0.33288149698637426 106.0
11011111011010011011111110001000011101010100111110111000111111011111000111010000110101011011010111010011001110111111110111000111011001011111111011110111111111111110111111010110011100110000000000100001000110000101000000000111010000001000001100000011100010100110000010100000000000000000100001000000000000110000000000000010000000000100010001000100001011001010000000100000 -0.38088889815844595 161.0
11001111011110101011111000001000010100010100010100101100111000011111000110011000100001000001010111010011001110111111110111000111011001011111111011110110111111111110111111010110011101110000000000100000000110000001000000100101010000001000001000000011100000100110000010100000000100000000100011000000000000110000000000000010000000000100010001000100001011001010000000000000 -0.36820769775658846 143.0
10000010010010000001000000000000000000000000000000001000000000001000000000000000100000000000010111010011001110111111110111000111011101011111111011110110111111111110111111010110011100110000000000000000000100000000000000000000000000001000000000000001100000100100000010000000000000000000100001000000000000110000000000000010000000000100010001000100001011001010000000000000 -0.3192944967886433 96.0
10000110011010000001000000000000000000000000010100001000100000101000000000000000100000000000010111010011001110111111110111000111011001011111111011110110111111111110111111010110011100110000000000100000000100000000000000000000000000001000000000000011100010100110000010000000000000000000100001000000000000110000000000000010000000000100010001000100001011001010000000000000 -0.33152279700152576 105.0
10000010010010000001000000000000000000000000000000001000100000001000000000000000000000000000010111010011001110111111110111000111011001011111111011110110111111111110111111010110011100110000000000000001000100000000000000000100000000001000000000000001100010100000000010000010000000000000100001000000000000110000000100000010000000000100010001000100001011001010000000000000 -0.3229176967870444 99.0
10000010010010000001000000000000000000000000000000001000100000011000000000010000000000000000010111010011001110111111110111000111011001011111111011110110111111111110111111010110011100110000000000100001000100000000000000000100000000001000000000000001100010100110000000100000000000000000100001000000000000110000000100000010000000000100010001000100001011001010000000000000 -0.3288053967989981 103.0
10001110011110011001111010001010001000000000110100001100101101001010000011010000100001001001010111010011001110111111110111000111011001011111111011110110111111111110111111010110011100110000000000100001000100000001000000100101010000001000001100000001100010100110000010100000000100000000100001000000000100110000000000000010000000000100010001000100001011001010000000000000 -0.3636786974966526 137.0
11001111011010101011011110001000011101000100111100111100111111011111000111011000101101001011010111010011001110111111110111000111011001011111111011110110111111111110111111010110011100110000000000100001000110010101000000100111010000001000001100000011100010100110000010100000000000000000100001000000000000110000000000000010000000000100010001000100001011001010000000100000 -0.38043599808588624 159.0
10000010010010000001000000000000000001000000000000001000100000001000000010000000000000000000010111010011001110111111110111000111011001011111111011110110111111111110111111010110011100110000000000100001001100000000000000000100010000001000001000000001100000000100000010100010000000000000100001000000000000110000000000000010000000000100010001000100001011001010000000000000 -0.3297111968277022 104.0
10000110010010000000000000000000000000000000000000001000000000001000000000000000000000000000010111010011001110111111110110000110011001011111111001110110111111111110111101010110011100010000000000000000000100000000000000000000000000001000000100000001100000000000000000000000000000000000100001000000000000110000000000000010000000000100010001000100001011001010000000000000 -0.3007255969569087 87.0
10000010010010001001000010000000000000000100010100111000100000001111000010000000100000000001110111010011001110111111110111000111011001011111111011110110111111111110111111010110011100110000000000100001000100000001000000000100010000001000001000000011100010100000000010100000000000000000100001000000000000110000000000000010000000000100010001000100001011001010000000000000 -0.3442039971705526 117.0
11010011011110111001111010001000010100010100010100111000111011011111000111010000100011001001010111010011001110111111110111000111011001011111111011110111111111111110111111010110011100110000000000100001000100000001000000100101010000001000001100000011100010101110000010100000000100000000100001000000000000110000000000000010000000000100010001000101001011001010000000000000 -0.375454097869806 150.0
10000010010010000000000000000000000000000000000000001000000000000000000010000000000000000000000111010011001110111101110111000111011001011111111011110110111111111110011101010110011100110000000000000000000100000000000000000000000000001000000000000001100000000000000000000000000000000000100001000000000000110000000000000000000000000100000000000100001011001010000000000000 -0.2934791969601065 83.0
10001010011010000001001000000000010000000000100100001000100001001000000011010000100000000000010111010011001110111111110111000111011001011111111011110110111111111110111111010110011100110000000000100000000100000000000000000101010000001000000000000001100010000110000010100000000000000000100001001000000000110000000000000010000000000100010001000100001011001010000000000000 -0.3401278970995918 113.0
10000110011010010001001100000000010000000000110100011100111100001110000011011000100001001000010111010011001110111111110111000111011001011111111011110110111111111110111111010110011100110000000000100001000110000001000000100101010000001000001100000011100000000110000010100100000100000000100101000000000000110000000000000010000000000100010001000100001011001010000000000000 -0.3591496974695474 133.0
10001010010010000001000000000000000000000000100000001000000000001000000010000000100000000000010111010011001110111111110111000111011001011111111011110110111111111010111111010110011100110000000000100000000100000000000000000000000000001000000000000001100000100000000010000000000000000000100001000000000000110000000000000010000000000100010001000100001011001010000000000000 -0.32020029693376273 97.0
10000010010110000001000010000000010000000000100100011100111000001010000010000000100010000000010111010011001110111111110111000111011001011111111011110110111111111110111111010110011100110000000000100001000100000000000000000001000000001000000000000011100010100010000010100000000000000000100001000000000000110000000000000010000000000100010001000100001011001010000000000000 -0.3414865972008556 114.0
10000111011010000001000100000000000000001100000100001100110000001110000011011000000001000000010111010011001110111111110111000111011001011111111011110110111111111110111111010110011100110000000000100001000110000000000000100101010000001000001000000001100010100010000010100000000100000000100001000000000000110000000000000011000000000100010001000100001011001010000000000000 -0.3500916971825063 123.0
10000010010010000001000000000000000000000000010100101000000000001000000000000000000000000000010111010011001110111111110111000111011101011111111011110110111111111110111111010110011100110000000000100000000100000000000000000001000000001000000000000001100000000000000010000000000000000000100001000000000000110000000000000010000000000100010001000100001011001010000000000000 -0.3220118968747556 98.0
10000010011010000001000000000000000100000000010100001000000000001000000001000000000000000000010111010011001110111111110111000111011001011111111011110110111111111110111111010110011100110000000000100000000100000000000000000000000000001000000000000001100010000010000010000000000000000000100001000000000000110000000000000010000000000100010001000100001011001010000000000000 -0.32518219691701233 100.0
10000010010010000000000000000000000000000000000000001000000000001000000000000000000000000000010111010011001110111111110111000111011001011111111011110110111111111110111111010110011100100000000000000000000100000000000000000000000000001000000000000001100000000000000000000000000000000000100001000000000000110000000000000010000000000100010001000100001011001110000000000000 -0.3097835967782885 90.0
10000010010010000101000010000000000001000000100100011000101000001010000110000000000000000000010111010011001110111111110111000111011001011111111011110110111111111110111111010110011100110000000000100000000100000001000000100000000000001000000000000011100010100010000010100000000000000000100001000000000000110000000000000010000000000100010001000100001011001010000000000000 -0.3378633970860392 111.0
10000010010010000001001010000000000000000000110100001100100000001000000010010000100010010000010111010011001110111111110111000111011001011111111011110110111111111110111111010110011100110000000000100000000100000000000000100100000000001000001000000001100010000010000010100000000000000000100001000000000000110000000000000010000000000100010001000110001011001010000000000000 -0.3387691971147433 112.0
11001010011010000001001010000000000000000000100100001000100000001100000010000000000000000001010111010011001110111111110111000111011001011111111011110110111111111110111111010110011100110000000000100000000100000001000000000001000000001000000000000001100010000010000010100000000000000000100001000000000000110000000000000010000000000100010001000100001011001010000000100000 -0.3365046971011907 110.0
10001010011110100011110010001000000100000100110100111000111111011110000011010000100101011000010111010011001110111111110111000111011001011111111011110111111111111110111111010110011100110000000000100001000100000000000000000001010000001000001100000001100010100110000010100000000100000000100001000000000000110000000000000010000000000100010001000100001011001010000000000000 -0.36413159768562764 138.0
10001110010010011001001010001000001001000000110100001000110011001000000011010000000000000001010111010011001110111111110111000111011001011111111011110110111111111110111111010110011100110000000000100001000100000000000000100100010000001000001001000001100010100110000010100000000000000000100001000000000000110000000000000010000000000100010001000100001011001010000000000000 -0.35145039728377014 124.0
10000010010010000000000000000000000000000000000000001000000000000000000000000000100000000000010111010011001110111101110111000111011001001111111011110110101111111110111101010110011100100000000000000000000100000000000000000000000000001000000000000001100000000000000010000000000000000000100001000000000000110000000000000010000000000100010001000100001011001010000000000000 -0.2993668968556449 86.0
10001110011110110001001000001000010000010000100100101100100000001100000011010000100000000001010111010011001110111111110111000111011001011111111011110110111111111110111111010110011100110000000000000000000110000001000000000101010000001000000000000001100010100110000010100000000100000000100001001000000000110000000000000010000000000100010001000100001011001010000000000000 -0.35190329735632986 125.0
11001111011010001011011110001000011101010100110100011100111111011111001011011000111111011011010111011011001110111111110111000111011001011111111011110111111111111110111111010110011100110000000000100001000110000001000000100101010000001000001101000001110010100110000010100000000100010000100001000000000000110000000000000010000000000100010001000100001011001010000100000000 -0.38179469807073474 162.0
10001110011010110001101111001000010100010100010100011000111000001111000011010000100100011011010111010011001110111111110111000111011001011111111011110110111111111110111111010110011100110000000000100001000100000001000000000101010000001000001100000011100010100110000010100000000000000000100001000000000000110000000000000010000000000100010001000100001011001010000000000000 -0.36549029767047614 139.0
11000110011010001001000000000000000001000000100100001000100000001100000010011000000010000000010111010011001110111111110111000111011001011111111011110110111111111110111111010110011100110000000000100000000100000001000000100101000000001000001100000011100000000110000000100000000000000000100001000000000000110000000000000010000000000100010001000100001011001010000000000000 -0.3428452971857041 115.0
10000010011110000001001010000000000000000000110100111100101001010000000011010000100000000001010111010011001110111111110111000111011001011111111011110110111111111110111111010110011100110000000000100001000100000001000000000000010000001000001000000101100010100110000010100000000100000000100001000000000000110000000000000010000000000100010001000100001011001010000000000000 -0.3487329971976578 122.0
10000110010110101001001010000000010000010100110100101000100000001111000010010000100001000001010111010011001110111111110111000111011001011111111011110110111111111110111111010110011100110000000000100001000110000001000000100101010000001000001000000011100010100010000010100000000100100000100001000000000000110000000000000010000000000100010001000100001011001010000000000000 -0.35779099736828357 130.0
11001110011110101001011010000000010100000100110100101000101000001111000011011000101011000001010111010011001110111111110111000111011001011111111011110110111111111110111111010110011100110000000000100001000110000001000000100101010000001000001000000011100010100110000010100000000000100000100001000000000000110000000000000010000000000100010001000101001011001010000000000000 -0.36594319762662053 140.0
11001111011010101011111110001000011100010100111100111100110111001111000111011000101101001001010111010011001110111111110111000111011001011111111011110110111111111110111111010110011101110000000000100001000110010101000000100101010000001000001100000011100010100110000010100000000100000000100001000000000000110000000000000010000000000100010001000100001011001010000000000010 -0.3799830980133265 158.0
10001010010010000001001010000000000001000100000100001000101000001010000011010000000001010000010111010011001110111111110111000111011001011111111011110110111111111110111111010110011100110000000000100000000100000000000000100000010000001000001000000001100010100110000010100000000000000000100001000000000000110000000000000011000000000100010001000100001011001010000000000000 -0.3432981971418485 116.0
11001110011110101011011010000000110100000000010100101100111000001011000011011000101110000001010111010011001110111111110111000111011001011111111011110110111111111110111111010110011100110000000000100001000110000001000000100101010000001000001000000011100010100110000010100000000100100000100001000000000000110000000000000010000000000100010001000100101011001010000000000000 -0.36730189761146903 142.0
10011111010110101001101010001000001100010100110100111100110000011111000011011000100001000001010111010011001110111111110111000111011001011111111011110110111111111110111111010110011100110000000000100001000100000001000000000101010000001000001100000011100000101100000010100000000100000000100001000000000000110000000000000010000000000100010001000100001011001010000000000010 -0.36684899777173996 141.0
10000010011010000001000010000000000001000000000100001000100000001000000010000000000000000000010111010011001110111111110111000111011001011101111011110110111111111110111111010110011100110000000000000000000100000000000000000000000000001000000000000001100010100010000010000000000000000000100001000000000000110000000000000010000000000100010001000100001011001010001000000000 -0.32518219703342766 101.0
11000011011010000000011110000000010000000100110100111000101001001011000111011000100101010000010111010011001110111111110111000111011001011111111011110110111111111110111011010110011100110000000000100001000100000001000000100101010000001000001000000001100010100110000010100000000100000000100001000000000000110000000000000010000000000100010001000100001011001010000000000000 -0.3582438974408433 132.0
10000110010010110001101110001000011000010100110100011000101000001011000011010000100100001011010111010011001110111111110111000111011001011111111011110110111111111110111111010110011100110000000000100001000100000001000000000001010000001000001100000011100010100000000010100000000000000000100001000000000000110000000000000010000000000100010001000100001011001010000000000000 -0.3577909976011142 131.0
10001011010010000011101000000000000000000100010100001000100000001000000001010000000010010000010111010011001110111111110111000111011001011111111011110110111111111110111111010110011100110000000000100001000110000001000000100001010000001000001000000011100010100110000010100000000100000000100001000000000000110000000000000010000000000100010001000110001011001010000000000000 -0.3487329970812425 121.0
#
