# Problem = Knapsack
# Variables = 1
# Objectives = 2
000101010100100000100001100011000100100111111011110110001111100001000011100011000000001101011101011001100110000011001010011100010000111101110000101011101010001011101000101001110001110001000010100000001110010000001001100011001011110101000101000101010100000011111000010001110111100001101010110101100001111001011111101110110110110011100111001000011110011001011111101001010000011000110001000111110100100100001100101000010001101000000100100011101100111111011000000101101110000110001101101100101000001111011100101100010001000011000110100101001000000111011010000100111010000110111100010000100011111000110111100001100110011001011000 -1.3663214882835746 284.0
000000000000000000000000000000000000000000000000000000000000000000000000000000000000000000000000000000000000000000000000000000000000000000000000000000000000000000000000000000000000000000000000000000000000000000000000000000000000000000000000000000000000000000000000000000000000000000000000000000000000000000000000000000000000000000000000000000000000000000000000000000000000000000000000000000000000000000000000000000000000000000000000000000000000000000000000000000000000000000000000000000000000000000000000000000000000000000000000000000000000000000000000000000000000000000000000000000000000000000000000000000000000000000000000 0.0 0.0
000000000000000000000000000000000000000000000000000000000000000000000001000000000000000000000000000000000000000000000000000000000000000000000000000000000000000000000000000000000000000000000000000000000000000000000000000000000000000000000000000000000000000000000000000000000000000000000000000000000000000000000000000000000000000000000000000000000000000000000000000000000000000000000000000000000000000000000000000000000000000000000000000000000000000000000000000000000000000000000000000000000000000000000000000000000000000000000000000000000000000000000000000000000000000000000000001000000000000000000000000000000000000000000000 -0.041666701436042786 2.0
000000000000000000000000000000000000000000000000000000000000000000000000000000000000000000000000000001000000000000000000000000000000000000000000000000000000000000000000000000000000000000000000000000000000000000000000000000000000000000000000000000000000000000000000000000000000000000000000000000000000000000000000000000000000000000000000000000000000000000000000000000000000000000000000000000000000000000000000000000000000000000000000000000000000000000000000000000000000000000000000000000000000000000000000000000000000000000000000000000000000000000000000000000000000000000000000000000000000000000000000000000000000000000000000 -0.010416699573397636 1.0
000000000000000000000000000000000000000000000000000000000000000000000000000000000000000000000000000000000000000000000000000000000000000000000000000000000000000000000000000000000000100000000000000000000000000000000000000000000000000000000000000000000000000000000000000000000000000000000000000000000000000000000000000000000000000001000000000000000000000000000000000000000000000000000000000000000000000000000000000000000000000000000000000000000000000000000000000000000000000000000000000000000000000000000000000000000000000000000000000000000000000000000000000000000000000000000000010000000000000000000000000000000000000000000000 -0.05902780033648014 3.0
000000000000000000000000000000000000000000000000000000000000000000000000000000000000000000000000000000000000000000000000000000000000000000000000000000000000000000000000000000000000000000000000000000000000000000000000000000000000000000000000000000000000000000000000000000000000000000000000000000000000000001000000000000000000000001000000000000000000000000000000000000000000000000000000000000000000000000000000000000000000000000000000000000000000000000000000000000000000000000000000000000000000000000000000000000000000000000000000000000000000000000000000000000000000000000000001010000000000000000000000000000000000000000000000 -0.08506949990987778 4.0
000000000000000000000000000000000000000001000000000000000000100000000000000000000000000000000000000000000000000000000000000000000000000001000000000000000000000000000000000000000000000000000000000000000000000000000000000000000000000000000000000000000000000000000000000000000100000000000000000000000000000000000000000000000000000000000000000000000000000000000000000000000000001000000000000000000000000000000000000000000000000000000000000000000000000000000000000000000000000000000000000000000000000000000000000000000000000000000000000000000000000000000000000000000000000000000000000000000000000000000000000000000000000000000000 -0.151041803881526 5.0
000000000000000000000000000000000000000000000000000000000000000000000001000000000000000000000000000000000000000000000000000000000000000000000000000000000000000000000000000000000000000000000000000000000000000000000000000000000000000000000000000000000000000000000000000000000000000000000000000000000000000000000000000000000000000000000000000000000000000000000000000000000000001000000000000000000010000000000000000000000000000010000000000000001000000000000000000000000000000000000000000000000000000001000000000000000000000000000000000000000000000000000000000000000000000000000000000000000000000000000000000000000000000000000000 -0.1718751024454832 6.0
000000000000000000000000000000000000000001000000000000000000000000000001000000000000000000000000000000000000000000000000000000000000000000000000000000000000000000000000000000000000001000000000000000000000000000000000000000000000000000000000000000000000000010000000000000000000000000000000000100000000000000000000000000000000000000000000000000000000000000000000000000000000000000000000000000000000000000000000000000000000000000000000000000001000000000000000000000000000000000000000000000000010000000000000000000000000000000000000000000000000000000000000000000000000000000000000000000000000000000000000000000000000000000000000 -0.19791680201888084 7.0
000000000000000100000000000000000000000000000000000000000001000000000000000000000000000000000000000000000000000000000000000000000000000000000000000000000000000000000000000000000000000000000000000000000000000000000000000000000000000000000000000000001000000010000000000000000100000000000000000000000000000000000000000000000000000000000000000000000000000000000000000000000000000000000000000000000000000000000000000000000000000010000000000000000000000000000000000000000000000000000000000000000010000000000000000000000000000010000000000000000000000000000000000000000000000000000000000000000000000000000000000000000000000000000000 -0.2343751024454832 8.0
000000000000000000000000000000000000000001000000000000000000000000000001000000000000000000000000000100000000000000000000000000000000000000000000000000000000000000000000000000000000001000000000000000000000000000000000000000000000000000000000000000001000000000000000000000000100000000000000000000000000000000000000000000000000000000000000000000000000000000000000000000000000101000000000000000000000000000000000000000000000000000000000000000000000000000000000000000000000000000000000000000000000000001000000000000000000000000000000000000000000000000000000000000000000000000000000000000000000000000000000000000000000000000000000 -0.2708335053175688 9.0
000000000000000000000000000000000000000001000000001000000000100000000011000000000000000000000000000000000000000000000000000000000000000000000000000000000000000000000000000000000000001000000000000000000000000000000000000000000000000000000000000000000000000000000000000000000000000000000000000000000000000000000000000000000000000000000000000000000000000000000000000000000000001000000000000000000000000000000000000000000000000000000000000000000000000000000000000000000000000000000000000000000000000000000000000000000000000000000000000000000000000000000000000000000000000000000000010000000000100000100000000000000000000000000000 -0.29687520675361156 10.0
000000000000000000000000000000000000000001000000000000000000100000000011000000000000000000000000000100000000000000000000000000000000000000000000000000000010000000000000000000000000001000000000000000000000000000000000000000000000000000000000000000001000000000000000000000000100000000000000000000000000000000000000000000000000000000000000000000000000000000000000000000000000001000000000000000000000000000000000000000000000000000000000100000000000000000000000000000000000000000000000000000000000000000000000000000000000000000000000000000000000000000000000000000000000000000000000000000000000000000000000000000000000000000000000 -0.33854190818965435 11.0
000000000000000000000000000000000000000001000000000000000000100000000001000000000000000000000000000100000000000000000000000000000000000000000000000000000000000000000000000000000000001000000000000000000000000000000000000000000000000000000000000000101000000000000000000000000100000000000000000000000000000000000000000000000000000000000000000000000000000000000000000000000000001000000000000000000000000000000000000000000000000010000000000000000000000000000000000000000000000000000000000000000000000000000000000000001000000000000000000000000000000000000000000000000000000000000000100000000000000000000000000000000000000000000000 -0.34895850718021393 12.0
000000000000000000000000000000000000000000000000000000000000100000000011000000000000000000000000000100000000000000000000000000000000000000000000000001000000000000000000000000000000001000000000000000000000000000000000000000000000000000000000000000000000000000000000000000000100000000001000000000000000000000000000000000000000000000000000000000000000000000000000000000000000011000000000000000000000000000000000000000000000000010000000000000000000000000000000000000000000000000000000000000000000000001000000000000000000000010000000000000000000000000000000000000000000000000000000000000000001000000000000000000000000000000000000 -0.4218752086162567 14.0
000000000000000000000000000000000000000001000000000000000000100000000011000000000000000000000000000100000000000000000000000000000000000000000000000001000000000000000000000000000000001000000000000000000000000000000000000000000000000000000010000000000000000010000000000000000100000000000000000100000000000000000000000000000000000000000000000000000000000000000000000000000000001000000000000000000000000000000000000000000000000000000000000000000000000000000000000000000000000000000000000000000000000000000000000000000000000010000000000000000000000000000000000010000000000000000000000000000000000000000001000000000000000000000000 -0.43229190818965435 15.0
000000000000000000000000000000000000000001000000000000000000100000000001000000000000000000000000000100000000000000000000000000000000000000000000000000000010000000000000000000000000001000000000000010000000000000000000000000000000000000000000000000001000000000000000000000000100000000000000000000000000000000000000000000000000000000000000000000000000000000000000000000000000001000000000000000000000000000000000000000000000000110000000000000000000000000000000000000000000000000000000000000000000000001000000000000001000000000000000000000000000000000000000000000000000000000000000000000000001000000000001000000000000000000000000 -0.4479169063270092 16.0
000000100000000000000000000000000000000001000000010000000000100000000011000000000000000000000000000100010000000000000000000000000000000000000000000000000010000000000000000000000000001000000000000000000000000000000000000000000000000000000000000000001000000000000000000000000100000000000000000000000000000000000000000000000000000000000000000000000000000000000000000000000000001000000000000000000000000000000000000000000000000010000000000000000000000000000000000000000000000000000000000000000000000001000000000000000000000000000000000000000000000000000000000000000000000000000000000000000001000000000001000000000000000000000000 -0.5104170087724924 17.0
000000100000000000000000000000000000000001000000010000000000100000000001000000000000000000000000000100000000000000000000000000000000000000000000000000000010000000000000000000000000001000000000000000000000000000000000000000000000000000000000000000001000000000000000000000000100000000000000000000000000000000000000000000000000000000000000000000000000000000000000000000000000001000000000000000000000000000000000000000000000000010000000000000000000000000000000000000000000000000000000000000000000000001000000000000000000000010000000000000000000000000000000000000000000000000000000000010000001100000000001000000000000000000000000 -0.5312503073364496 18.0
000001000000000000000000000000000000000000000000010000000000100000000001000000000000000000000000000000000000000000000000000000000000000000000000000001000000000000000000000000000000001000000000000000000000000000000000000000000000000000000000000000000000000010000000000000000100000000000000000000000000000000000000000000000000000000000000000000000000000000000000000000000000001000000000000000000000000000000000000000001000000010000000000000000000000010000000000000000000000000000000000000000000000001000000000000000000000010000000000000000000000000000001000000000000001000000000000010000001000000000001000000000000000000000000 -0.536458607763052 19.0
000000000000000000000000000000000100000001000000010000000000100000000001000000000000000000000000000100000000000000000000000000000000000000000000000000000010000000000000000000000000001000000000000000000000000000000000000000000000000000000000000000001000010000000000000000000100000000000000000000000000000000000000000000000000000000000000000000000000000000000000000000000000001000000000000000000000000000000000000000000000000010000000000000000000000000000000000000000000000000000000000000000000000001000000000000001000000010000000000000000000000000000000000000000000000000000000000000100001100000000001000000000000000000000000 -0.5625003073364496 20.0
000000000000000000000000000000000000000000000000010000000000100000000001000000000000000000000000000100000000010000000000000000000000000000000000001001000010000000000000000000000000001000000000000000000000000000000000000000000000000000000000000000000000000010000000000000000100000000000000000000000000000000000000000000000000000000000000000000000000000000000000000000000000001000000000000001000000000000000000000000000000000010000000000000000000000010000000000000000000000000000000000000000000000001000000000000001000000010000000000000000000000000000000000000000000000000000000000010000001100000000001000000000000000000000000 -0.5885419081896544 22.0
000001100000000000000000000000000000000010000000010000000000100000000011000000000000000000001000000000000000000000000000000000000000000000000000000001000000000100000000000000000000001000000000100000000000000000000000000000000000000000000000000000000000000010000000000000000100000000000000000000000010000000000000000000000000000001000000000000000000000000000000000000000000001000000000000000000000000000000000000000001000000010000000000000000000000010000000000000000000000000000000000000000000000001000000000000000000000010000000000000000000000000000000000000000000000000000000000000000000000000000010010001000100000000000000 -0.6319449078291655 26.0
000000000000000000000000000000000000000001000000010010000000100000000011000000000000000000000000000000000000000000000000000000000000000000000000000001000010000000000000000000000000001000000000000000000000000000000000000000000000000000000000000000001000000010000000000000000100000000000000000000000010000001000000010000000000000001000000000000000000000000000000010000000000000000000000000010000000000000000000000000001010000010000000000000000000000000000000000000000000000000000000000000000000000000000000000000001000001010000000000000000000000010000000000000000000000000000000000000000001000000000011000000000000000000000000 -0.6788198072463274 28.0
000001000000000100000000000000000100000000000000010010000000100000000001000000000000000000000000000000000000000000000000000000000000000000000000000001000000000000000000000000000000001000000000000000000000000000000000000000000000000000000000000000001000000010000000000000000100000000000000000000100010000000000000000000000000000001000000000000000001000000000000000000000000001000000000000000010000000000000000000000001000000010000000000100000000000010000000000000000000000001000000000000000010000000000000000000001000001010000000000000000000000000000000000000000000000000000000000000000001000000000001000100000010000000000000 -0.7430560067296028 31.0
000000000000000000000000000000000000000000000000010110000000100000000011000000000000000000000000000100000000010000000000000000000000000000000000001001000000000000000000000001000000001000000000000000000000000000000000000000000000000000000000000000001000000010000000000000000100000000000000000000001010000000000000000000000000000001000000000000000001000000000000000000000000001000000000000001000000000000000000100000001000000010000010000000000000000010000000000000000000000001000000000000000000000000000000000000001000001010000000000000000010000000000100000000000000000000000000000010000001100000000001000000000010000000000000 -0.758680909872055 37.0
000001100000000000000000000000000100000101000000010000000000100000000011000000000000000000000000000000000000010001000000000000000000000000000000000001000011000000000000000000000000001000000000000001000001000000000000000000000000000000000000000000000000000010000000000000000100000000000000000000000010000000010000000000000000000001000000000000000000000100000000000000000000001000010000001000010000000000000000000000001000000010000000000000001000000010000000000000000000000000000000000010000000000000000000000000001000000010000000000000000010000000000000000000000000000000001000000000000000100000000011000001000100000010000000 -0.8402784056961536 42.0
010001100000000100000000000000000100000101000000010000000000100000000011000000000000000000001000000000000000000001011000000000000000000000000000000001000011000000000000000000000000001000000000000010000001000000000000000001001000000000000000000001000000100010000000010000000100000000000000000001010000000000011000000000000010000001000000000000000000000100000000000000000000001000010000000000010000000000000000100000001000000010000000000010001000100010000000000000001000000000000000000000000000000001000000000000001000000010000000000000000000000000000000000000000000000000000000000000000001100000000010000001000000000011000000 -0.9062507059425116 55.0
000000000000001100000000000000000100000101000000010000000000100000000011000000000011000000000000000000000010000101011000000001100001000000000000000001000011000000000000000000000000001000000000000000000001000000100000000001001000000000000000000001000000100010000000010000000100000001000000000001010110000000011000000000000010100001000000000000000001000100000000000000000000001010000000000000110010000000001000100000001000000010000000000011000000000010000000000000011000000000000000000100000010000001000100000000001000000010000100000000000000000000000000000010000000000000000000010000000001100000000011000001000000000011000000 -1.0156258041970432 74.0
#
