# Problem = Knapsack
# Variables = 1
# Objectives = 2
100001000000001110001100000000000000000000000000000000000000000000000000100001000000001100001100100001000000001100001100100001000000001110001100100001000000001100001100100001000000001110001100000000000000000000000000000000000000000000000000000000000000000000000000000000000000000000000000000000000000000000000000000000000000000000000000000000000000000000000000100001000000001110001100000000000000000000000000000000000000000000000000000000000000000000000000100001000000001100001100000000000000000000000000000000000000000000000000100001000000001110001100100001000000001100001100000000000000000000000000000000000000000000000000 -1.7224933970719576 65.0
100001000000001110001100000000000000000000000000000000000000000000000000100001000000001100000100100001000000001100001100100000000000001110000100100001000000001000001100100001000000001110001100000000000000000000000000000000000000000000000000000000000000000000000000000000000000000000000000000000000000000000000000000000000000000000000000000000000000000000000000100001000000001110001000000000000000000000000000000000000000000000000000000000000000000000000000100001000000001100001100000000000000000000000000000000000000000000000000100001000000001110001100100001000000001100001100000000000000000000000000000000000000000000000000 -1.609248397871852 60.0
100001000000001110001100000000000000000000000000000000000000000000000000100001000000001100000100100001000000001100001100100000000000001110001100100001000000001100001100100001000000001010001100000000000000000000000000000000000000000000000000000000000000000000000000000000000000000000000000000000000000000000000000000000000000000000000000000000000000000000000000100001000000001110000000000000000000000000000000000000000000000000000000000000000000000000000000100001000000001100001100000000000000000000000000000000000000000000000000100001000000001110000100100001000000001100001100000000000000000000000000000000000000000000000000 -1.586132099851966 59.0
100001000000001110000000000000000000000000000000000000000000000000000000100001000000001100001100100001000000001100000000100000000000000110001100000001000000001000001100100001000000001110001100000000000000000000000000000000000100000000000000000000000000000000000000000000000000000000000000000000000000000000000000000000000000000010000000000000000000000000000000100001000000000110001100000000000000000000000000000000000000000000000000000000000000000000000000100001000000001100000100000000000000000000000000000000000000000000000000100001000100001110001100100001000000001100001000000000000000000000000000000000000000000000000000 -1.4523669946938753 57.0
100001000000001110001100000000000000000000000000000000000000000000000000100001000000001100001100100001000000001100001100100001000000001110001100100001000000001000001100100001000000001110001100000000000000000000000000000000000000000000000000000000000000000000000000000000000000000000000000000000000000000000000000000000000000000000000000000000000000000000000000100001000000001110001100000000000000000000000000000000000000000000000000000000000000000000000000100001000000001100001100000000000000000000000000000000000000000000000000100001000000001110001100100001000000001100001100000000000000000000000000000000000000000000000000 -1.7033180966973305 64.0
100001000000001110001100000000000000000000000000000000000000000000000000100001000000001100001100100001000000001100001100100001000000001110001100100001000000001100001100100001000000001110001100000000000000000000000000000000000000000000000000000000000000000000000000000000000000000000000000000000000000000000000000000000000000000000000000000000000000000000000000000001000000001110001000000000000000000000000000000000000000000000000000000000000000000000000000100001000000001100001100000000000000000000000000000000000000000000000000100001000000001010001100000001000000001100001100000000000000000000000000000000000000000000000000 -1.618054198101163 61.0
100001000000001110001100000000000000000000000000000000000000000000000000100001000000001100001100100001000000001100000100100001000000001010001100100001000000001100001100100001000000001110001100000000000000000000000000000000000000000000000000000000000000000000000000000000000000000000000000000000000000000000000000000000000000000000000000000000000000000000000000100001000000001110001100000000000000000000000000000000000000000000000000000000000000000000000000100001000000001100001100000000000000000000000000000000000000000000000000100001000000001110001100100001000000001100001100000000000000000000000000000000000000000000000000 -1.6776399966329336 63.0
100001000000001110001100000000000000000000000000000000000000000000000000100001000000001100001100100001000000001100001000100001000000001010001100100001000000001100001100100001000000001110001100000000000000000000000000000000000000000000000000000000000000000000000000000000000000000000000000000000000000000000000000000000000000000000000000000000000000000000000000100001000000001110001100000000000000000000000000000000000000000000000000000000000000000000000000000001000000001100001100000000000000000000000000000000000000000000000000100001000000001110001100100001000000001100001100000000000000000000000000000000000000000000000000 -1.646681696176529 62.0
#
