# Problem = Knapsack
# Variables = 1
# Objectives = 2
000000000000000000000000000000000000000000000000000000000000000000000000000000000000000000000000000000000000000000000000000000000000000000000000000000000000000000000000000000000000000000000000000000000000000000000000000000000000000000000000000000000000000000000000000000000000000000000000000000000000000000000000000000000000000000000000000000000000000000000000000000000000000000000000000000000000000000000000000000000000000000000000000000000000000000000000000000000000000000000000000000000000000000000000000000000000000000000000000000000000000000000000000000000000000000000000000000000000000000000000000000000000000000000000 0.0 0.0
100001010100001110010001101101110110100101101010000101000100100110000010100001011101100100101110000001101010000110000100100111001100100111000011100001101010111100101101100011110111101000011111001010000111000000000000100100001101000011001110111101100110100010110001110111000000001100100100000000001110111110101101010000101111001001001100010010001000100011010000111101001111101101101101100100110010010101101010100010111010010011101101000101000101100010110001110001010000000100100111111000000111100111000010001011001101100010110010111011011111111100010101110010011011110101001101111100010000110100001000100100000010011110000101 -1.189511603442952 285.0
000000000000000000000000000000000000000000000000000000000000000000000000000000000000000000000000000000000000000000000000000000000000000000000000000000000000000000000000000000000000000000000000000000000000000000000000000000000000000000000000000000000000000000000000000000000000000000000000000000000000000000000000000000000000000000000000000000000000000000000000000000000000001000000000000000000000000000000000000000000000000000000000000000000000000000000000000000000000000000000000000000000000000000000000000000000000000000000000000000000000000000000000000000000000000000000000000000000000000000000000000000000000000000000000 -0.03761550039052963 1.0
000000000000000000000000000000000000000000000000000000000000000000000000000000000000000000000000000000000000000000000000000000000000000000000000000000000000000000000000000000000000000000000000000000000000000000000000000000000000000000000000000000000000000000000000000000000000000000000000000000000000000100000000000000000000000000000000000000000000000000000000000000000000001000000000000000000000000000000000000000000000000000000000000000000000000000000000000000000000000000000000000000000000000000000000000000000000000000000000000000000000000000000000000000000000000000000000000000000000000000000000000000000000000000000000 -0.04282380035147071 2.0
000000000000000000000000000000000000000000000000000000000000000000000001000000000000000000000000000000000000000000000000000000000000000000000000000000000000000000000000000000000000001000000000000000000000000000000000000000000000000000000000000000000000000000000000000000000000000000000000000000000000000000000000000000000000000000000000000000000000000000000000000000000000001000000000000000000000000000000000000000000000000000000000000000000000000000000000000000000000000000000000000000000000000000000000000000000000000000000000000000000000000100000000000000000000000000000000000000000000000000000000000000000000000000000000 -0.11365450173616409 4.0
000000000000000000000000000000000000000000000000000000000000000000000000000000000000000000000000000000000000000000000000000000000000000000000000000000000000000000000000000000000000001000000000000000000000000000000000000000000000000000000000000000000000000000000000000000000000000000000000000000000000000000000000000000000000000000000000000000000000000000000000000000000000001000000000000000000000000000000000000000000000000000000000000000000000000000000000000000000000000000000000000000000000000000000000000000000000000000000000000000000000000000000000000000000000000000000000000000000000000000000010000000000000000000000000 -0.09085600078105927 3.0
000000000000000000000000000000000000000000000000010000000000000000000001000000000000000000000000000000000000000000000000000000000000000000000000000000000000000000000000000000000000001000000000000000000000000000000000000000000000000000000000000000000000000000000000000000000000000000000000000000000000000000000000000000000000000000000000000000000000000000000000000000000000001000000000000000000000000000000000000000000000000000000000000000000000000000000000000000000000000000000000000000000000000000000000000000000000000000000000000000000000000100000000000000000001000000000000000000000000000000000000000000000000000000000000 -0.13448780216276646 6.0
000000000000000000000000000000000000000000000000010000000000000000000001000100000000000000000000000000000000000000000000000000000000000000000000000000000000000000000000000000000000001000000000000000000000000000000000000000000000000000000000000000000000000000000000000000000000000000000000000000000000000000000000000000000000000000000000000000000000000000000000000000000000001000000000000000000000000000000000000000000000000000000000000000000000000000000000000000000000000000000000000000000000000000000000000000000000000000000000000000000000000100000100000000000000000000000000000000000000000000000000000000000000000000000000 -0.15207800269126892 7.0
000000000000000000000000000000000000000000000000000000000000000000000000000000000000000000000000000000000000000000000000000000000000001000000000000001000000000000000000000000000000001010010000000000000000000000000000000000000000100000000000000000000000000000000000000000000000000000000000000000000000000000000000000000000000000000000000000000000000000000000000000000000000001000000000001000000000000000000000000000000000000000000000000000000000000000000000000000000000000000000000000000000000000000000000000000000000000000000000000000000000000000000000000000000000000000000100000000000000000000000000000000000000000000000000 -0.15794480312615633 9.0
000000000000000000000000000000000000000000000000000000000000000000000000000000000000000000000000000000000000000000000000000000000000001000000000000001000000000000000000000000000000001010000000000000000000000000000000000000000000100000000000000000000000000000000000000000000000000000000000000000000000000000000000000000000000000000000000000000000000000000000000000000000000001000000000000000000000000000000000100000000000000000000000000000000000000000000000000001000000000000000000000000000000000000000000000000000000000000000000000000000000000000000000000000000000000000001100000000000000000000000000000000000000000000000000 -0.1944825043901801 10.0
000000000000000000000000000000000000000000000000000000000000000000000001000000000000001000000000000000000000000100000000000000000000000000000000000001000100000000000000000000000000001000001000000000000000000000000000000000000000000000000000000000000000000000000000000000000000000000000000000000000000000000000010000000000000000000000000000000000000000000000000000000000000001000000000000000000000000000000000000000000000000010000000000000000000000000000000000000000000000000000000000000000000000000000000000000000000000000000000000000000000000000000000000000000000001000000000000000000000000000000000000000000000000000000000 -0.20670030172914267 11.0
000000000000000000000000000000000000000000000000000000000000000000000000000000000000000000000000000000000000000100000000000000000000000000000100000001000000000000000000000010000000001010000000000000000000000000000000000000000000000000000000000000000000000000000000000000000000000000000000000000000000000000000000000000000000000000000000000000000000000000000000000000000000001000000000000000000000000000000000000000000000000000000000000000000000000000000000000001000000000000000000000000000000000000000000000000000000000000000000000000000000000100000000000000000000001000001100000000000000000000000000000000000000000000000000 -0.24066510424017906 12.0
000000000000000000000000000000000000000000000000010000000000000000000001000000000000000000000000000000000000000000000000000000000000000000000100000001000000000000000000000000000000001000000000000000000000000000000000000000000000000000000000000000000000000000000000000000000000000000000000000000000000000100000000000000000000000000000000000000000000000000000000000000000000001000000000000000000000000000000000000000001000000000000000000000000000000000000000000001000000000000000000000000000000000000000000000010000000000000000000000000000000000100001000000000000000001000000100000000000000000000000000000000000000000000000000 -0.27419180469587445 14.0
000000000000000000000000000000000000000000000000010000000000000000000000000000000000000000000000000000000000000000000000000000000000000000000100000001000000000000000000100000000000001000000000000000000000000000000000000000000000000000000000000000000000000000000000000000000000000000000000000000000000000000000000000000000000000000000000000000000000000000000000000000000000001000010000000000000000000000000000000000000000000000000000000000100000000000000000000001000000000100000000000000000000000000000000000000000000000000000000000000000000000100001000000000000000001100001100000000000000000000000000000000000000000000000010 -0.29907870572060347 17.0
000000000000000000000000000000000000000000000000010000000000100000000000000000000000000000000000000000000000000000100000000000000000000000000100000001000000000000000000100000000000001000000000000000000000000000000000000000000000000000000000000000000000000000000000000000000000000000000000000000000000000001000000000000000000000000000000000000000000000000000000000000000000001000000000000000000000000000000000000000000000000000000000000000000000000000000000000001000000000000000000000000000000000000000000000000000000000000000000000001000000000100001000000000000000001100000100000000000000000000000010000000000000000000000010 -0.3323249062523246 18.0
000000000000000000000000000000000000000000000000010000000000000000000000000000000100000000000000000001000000000000000000000000000000000000000100000001000000000000000000100000000000001000000000000000000000000000000000000000000000000000000000000000000000000000000000000000000000000000000000000000000000000001000000000000000000000000000000000000000000000000000000000000000000001000000000000000000000000000000000000000000000000010000000000000000000000000000000000001000000000000000000000000000000000000000000000000000000000000000000000001000000000100001000000000000000001100001100000000000000000000000000000000000000000000000010 -0.3456303058192134 19.0
000000000000000000000100000000000000000000000000010000000000100000000000100000000000000000000000000000000000000000000000000000000000000010000000000001000000000000000000100000000000001000000000000000000000000000000000000000010000000000000000000000000000000000000000000000000000000000000000000000000000000001000000000000000000000000000000000000000000000000000000000000000000001000000000000000000000000000000000000000000000000000000000000000000000000000000000000001000000001000000000000000000000000000000000000000000000000000000000000001000000000110001000000000000000001100000100000000000000000000000010000000000000000000000010 -0.3989635072648525 22.0
000000000000000000000000000001000000000000000000010000000000100000000000100000000000000000000000000000000000000000000000000000000000000000000100000001000000000000000000100000000000001000000000000000000000000000000000000000000000000010000000000000000000000010000000000000000000000000000000000000000000000000000000000000010000000000000000000000000000000000000000000000000000001000000000001000000000000000000000000000001000000000000000000000000000000000000000000001000000000100000000000000000000000000000000000000000000000000000000000001000000000110001000000000000000001100000100000000000000000000000010000000000000000000000000 -0.4030429064296186 24.0
000000000000000000000100000001000000000000000000010000000000100000000000100000000000000000000000000000000000000000000000000001000000000010000100000001000000000000001000100000000000001000000000000000000000000000000000000000000000000000000000000000000000000010000000000000000000000000000000000000000000000000000000000000000000000010000000000000000000000000000000000000000000001000000000000000000000000000000000000000000000000100000000000000000000000000000000000001000000001000000000000000000000000000000000000000000000000000001000000001000000000110001000000000000000001100000100000000000000000000000010000000000000000000000000 -0.445301806088537 27.0
000000000000000100000100000001000000000000000000010000000000100000000000100000000000000000000000000000000000000000000000000000000000000010000000000001000000000000000000100000000000001000000000000000000000000000000000000000000000000000000000000000000000000010000000000000000000000000000000000000000000000001000000000000000000000010000000000000000000000000000000000000000000001100000000000000000000000000000000000000000000000000000000000000000000000010000000000001000000001000000000000000000000000000000000001000000000000000000000000011000000000110001000000000000000001100000100100000000000000000000010000000000000000000000000 -0.4640832063741982 29.0
000000000000000000000100000000000000000000000000010000000000100000000000100000000100000000000000000001000000000000000000000001000000100110000100000101000000000000001000000000000000001000000000000000000000000000000000000000010000000000000000000000000000000010000000000000000000000000000000000000000000000001000000000000000000000000000000000000000000000000000000000000000000001000000000000000000000000000000000000000000000000000000000000000001001000010000000100001000000001000000000000000000000000000000010000000000000000000000000000000000000000110001000000000000000001100000100000000000000100000000010000000000000000000000000 -0.514278104994446 34.0
000000000000000000000100000000000000000000000000010000000000100000000000100000000000000100000000000001000000000100001000000000000000100010000100000001000000001000000000000000000000001000001000000000000000000000000000000000010000000000000000000000000000000000000000000000000000000000000000000000000000000001000000000000000000000000000000000000000000000000000000000000000000001000001000010000010000000000000000000000000000000000000000000000001000000010100010000001000000001000000000000000000000000000000000000000000000000000000000000001100000000110001100000000000000001100000100000000000000000000000010000000001000000000000000 -0.5657083066180348 38.0
000000000000000000001100000000000001000000000100010010000000100000000000000000000000001000000000000011000000001000001000000001000000000110000100000001000001101000001000000000000010001000000000001000000000000100000000100000000000000000000000000000000000000010000000000000000100000000000000000000000000000000000000000000000000000000000000000000000000000000000000000000000000001000000000000000010000000000000000000000000000000000000000000000000000000010000000100001000000001000100000000000000000000000000000000000000000000000000000000000000001000110001100100000010000001000000100000000000001100000000010000000000000000100000000 -0.6326402048580348 48.0
000000000000001000001100000000000001000000000100010010000000100000000000000001000000001100000000000001000000001100001000000000000000000111010100000001000000101000001000000000000000001000001000000000000000000100000000100000000000000000000000000000000000000010000000000000000100000000000000000000000000000100000000000000000000001010000000000000000000000000000000000000000000101000000000000000010000000000000000000000000000000000000000000100001000000010000010100001000000001000100000000000100000000000000000000000000000000000000000000000100001000110001100100000010000001000000101000000000001100000000010000000000000000100000000 -0.7191533045843244 60.0
000001000000001000001100000000100001000000010110010110000001100000000001100001000000001100000000000001000000000101001000000000000000000111010100100001000000001000001000000001000000001001001000000000000000000100000010100000000000000000000000010000001000000010000100000000010100000000000000000000000000000100000000000000000100001010000000000010100000000000000000000000000000101000000000000001010000000000000100000001000000000010100000000101001000000010000011100000000010001000100000000100100000000100000000000000000000000000000001000000100001001110001100100000010000001000000101000000000001101000000010000000000000000000000000 -0.8573715039528906 89.0
#
