# Problem = Knapsack
# Variables = 1
# Objectives = 2
111101001011101010000111101111111110110111101111010111100110000001001110011010001001101011010111100100101101110001111101010011100010010110111101100001110011101111011001110000010111100010111011010001110100010111110101101101111000001111000000111000011111011001001111011110110001101110000101000111101111010010011110010001001101001011000001001110111011000000100000000001011000001101000100011011001100010100100101000100111110001000111101110000111011100001000111111111111111100110011110110100101010101101010011001100011100011110101101101010111011101110000110100000001010011110001101010100001010100110100100010110010111010100101111 -1.1438242050353438 330.0
000000000000000000000000000000000000000000000000000000000000000000000000000000000000000000000000000000000000000000000000000000000000000000000000000000000000000000000000000000000000000000000000000000000000000000000000000000000000000000000000000000000000000000000000000000000000000000000000000000000000000000000000000000000000000000000000000000000000000000000000000000000000000000000000000000000000000000000000000000000000000000000000000000000000000000000000000000000000000000000000000000000000000000000000000000000000000000000000000000000000000000000000000000000000000000000000000000000000000000000000000000000000000000000000 0.0 0.0
000000000000000000000000000000000000000000000000000000000000000000000000000000000000000000000000000000000000000000000000000000000000000000000000000000000000000000001000000000000000000000000000000000000000000000000000000000000000000000000000000000000000000000000000000000000000000000000000000000000000000000000000000000000000000000000000000000000000000000000000000000000000000000000000000000000000000000000000000000000000000000000000000000000000000000000000000000000000000000000000000000000000000000000000000000000000000000000000000000000000000000000000000000000000000000000000000000000000000000000000000000000000000000000000 -0.014795999974012375 1.0
000000000000000000000000000000000000000000000000010000000000000000000000000000000000000000000000000000000000000000000000000000000000000000000000000000000000000000000000000000000000000000000000000000000000000000000000000000000000000000000000000000000000000000000000000000000000000000000000000000000000000000000000000000000000000000000000000000000000000000000000000000000000000000000000000000000000000000000000000000000000000000000000000000000000000000000000000000000000000000000000000000000000000000000000000000001000000000000000000000000000000000000000000000000000000000000000000000000000000000000000000000000000000000000000 -0.036458300426602364 2.0
000000000000000000000000000000000000000000000000000000000000000000000000000000000000000000000000000000000000000000000000000000000000000000000000000000000000000000000000000000000000001000000000000000000000000000000000000000000000000000000000000000000001000000000000000000000000000000000000000000000000000000000000000000000000000000000000000000000000000000000000000000000000000001000000000000000000000000000000000000000000000000000000000000000000000000000000000000000000000000000000000000000000000000000000000000000000000000000000000000000000000000000000000000000000000000000000000000000000000000000000000000000000000000000000 -0.03761550039052963 3.0
000000000000000000000000000000000000000000000000000000000000000000000000000000000000000000000000000000000000000000000000000000000000000000000000000000000000000001000000000000000000000000000000000000000000000000000000000000000000000000000000000000000000000000000000000000000000000000000000000000000000000000000000000000000000000000000000000000000000000000000000000000000000001000000000001000000000000000000000000000000000000000000000000000000000000000000000000000000000000000000000000000000000000000000000000000000000000000000000000000000000000000000100000000000000000000000000000000000000000000000000000000000000000000000000 -0.06041400087997317 4.0
000000000000000000000000000000000000000000000000010000000000000000000010000000000000000000000000000000000000000000000000000000000000000000000000000000000000000000000000000000000000000000000000000000000000000000000000000000000000000000000000000000001000000100000000000000000000000000000000000000000000000000000000000000000000000000000000000000000000000000000000000000000000001000000000000000000000000000000000000000000000000000000000000000000000000000000000000000000000000000000000000000000000000000000000000000000000000000000000000000000000000000000000000000000000000000000000000000000000000000000000000000000000000000000000 -0.09490710124373436 5.0
000000000000000000000000000000000000000000000000000000000000000000000010000000000000000000000000000000000000000000000000000000000000000000000000000000000000001000000000000000000000001000000000000000000000000000000000000000000000000000000000000000000000000100000000000000000000000000000000000000000000000000000000000000000000000000000000000000000000000000000000000000000000001000000000000000000000000000000000000000000000000000000000000000000000000000000000000000000000000000000000000000000000000000000000000000000000000000000000000000000000000000000000000000000000000100000000000000000000000000000000000000000000000000000000 -0.1285927016288042 6.0
000000000000000000000000000000000000000000000000010000000000000000000000000000000000000000000000000000000000000000000000000000000000000000000000000001000000001000000000000000000000001000000000000000000000000000000000000000000000000000000000000000000000000000000000000000000000000000000000000000000000000001000000000000000000000000000000000000000000000000000000000000000000001000000000000000000000000000000000000000000000000000000000000000000000000000000000000000000000000000000000000000000000000000000000000000000000000000000000000000000000000000000000000000000000000000000000000000000000000000010000000000000000000000000000 -0.15973670221865177 7.0
000000000000000000000000000000000000000000000000010000000000000000000010000000000000000000000000000000000000000000000000000000000000000000000000000000000000000000000000000000000000001000000000000000000000000000000000000000000000000000000000000000001000000000000000000000000100000000000000000000000000000001000000000000000000000000000000000000000000000000000000000000000000001000000000000000000000000000000000000000000000000000000000000000000000000000000000000000000000000000000000000000000000000000000000000000000000000000000000000000000000000000001000000000000000000000000000000000000000000000000000000000000000000000000000 -0.18396690301597118 8.0
000000000000000000000000000000000000000000000000010000000000000000000010000000000000000000000100000000000000000000000000000000000000000000000000000001000000000000000000000000000000000000000000000000000000000000000000000000000000000000000000000000001000000000000000000000000100000000000000000000000000000000000000000000000010000000000000000000000000000000000000000000000000001000000000000000000000000000000000000000000001000000000000000000000000000000000000000000000000000000000000000000000000000000000000000000000000000000000000000000000000000000000000000000000000000100000000000000000000000000000000000000000000000000000000 -0.19045390281826258 10.0
000000000000000000000000000000000000000000001000010000000000000000000010000000000000000000000000000000000000000000000000000000000000000000000000000001000000000000000000000000000000001000000000000000000000000000000000000000000000000000000000100000001000000000000000000000000100000000000000000000000000000001000000000000000000000000000000000000000000000000000000000001000000001000000000000000000000000000000000000000000000000000000000000000000000000000000000000000000000000000000000000000000000000000000000000000000000000000000000000000000000000000000000000000000000000000000000000000000000000000000000000000000000000000000000 -0.22194700269028544 11.0
000000000000000000000000000000000000000000000000010000000000000000000010000000000000000000000000000000000000001000000000000000000000000000000000000001000000000000000000000001000000001000000000000000000000000000000000000000000000000000000000000000000000000000000000000000000100000000000000000000000000000001000000000000000000000000000000000001000000000000000000000000000000001000000000000000000000000000000000000000000000000000000000000000000000000000000000000000000000000000000000000000000000000000000000000000000000000000000000000010000000000000001000000000000000000000000000000000000000000000000000000000000000000000000000 -0.23441530391573906 12.0
000001000000000000000000000000000000000000000000010000000000100000000000000000000000000000000100000000000000000000000000000000000000000000000000000001000000000000000000000000000000000000000000000000000000000000000000000000000000000010000000000000001000000000000000000000000100000000000000000000000000000000000000010000000000000000000100000000000000000000000000000000000000001000000000000000010000000000000000000000000000000000000000000000000000000000000000000001000000000000000000000000000000000000000000000000000000000000000000000000000000000000000000000000000000000100000000000000000000000000000000000000000000000000000000 -0.23872270388528705 14.0
000000000000000000000000000000000000000000000000110001000001000000000011000000000000000000000100000000000000001000000000000000000000000000000000000001000000000000000000000001000000000000000000000000000000000000000000000000000000000000000000000000000000000000000000000000000100000000000000000000000000000001000000000000000000000000000000000001000000000000000000000000000000001000000000000000000000000000000000000000000000000000000000000000000000000000000000000000000000000000000000000000000000000000000000000000000000000000000000000000000000000000001000000000000000000000000000000000000000000000000000000000000000000000000000 -0.25119570456445217 15.0
000001000000000000000000000000000000000000000000110000000000000000000000000000000000000000000000000000000010000000000000000000000000000000000000000001000000000000000000000000000000000000000000000000000000000000000000000000000000000010000000000000001000000000000000000000000100000000000000000000000000000000000000000000000000000000000000000000000000000000000000000001000000001010000000000000010000000000000000000000000000000000000000000000000000000000000000000001000000001000000000000000000000000000000000000000000000000000000000000000000000000000000000000000000000000100000000000000000000000000000010000000000000000000000000 -0.2658013035543263 16.0
000000000000000000001000000000000000000000000000010000000001000000000010000000000000001000000000000000000010000000000000000000000000000000000000000001000000000100000000100000000000000000000000000000000000000000000000000000000000000000000000000000001000000000000000000000000000000000000000000010000000000001000000000000000000000000000000000000000000000000000000000001000000001000000000000000000000000000000000000000000000000000000000000000000000000000000000000000000000000000000100000000000000000000000000000000000000000000000000000000000000000000000000000000000000000100000100000000000000000000000000000000000000000000000000 -0.3005990027450025 17.0
000001000000000000001000000000000000000000000000110000000001000000000001000000000000000000000100000000000000000000000000000000000000000000000000000001000000000100000000000000000000000000000000000000000000000000000000000000000000000000000000000000001000000000000000000000000100000000000000000000000000000001000000000000000000000000000100000000000000000000000000000000000000001000000000000000000000000000000000000000000000000000000000000000000000000000000000100001000000000000000000000000000000000000000000000000000000000000000000000000000000000100000100000000000000000100000000000000000000000000000000000000000000000000000000 -0.3404930052347481 19.0
000001000000000000000000000000000000000000000000110000000001000000000010000000000000000000000000000000000010000000000000000000000000000000000000000001000000000000000000000000000000001000000000000000000000000000000000000000000000000000000000000000001100000000000000000000000100000000000000000000000000000000000000000000000000000000000000000000000000000000000000000001000000001010000000000000000000000000000000000000000000000010000000000000000000000000000000000001000000000000000000000000010000000000000000000000000000000000000000000000000000000000000100000000000000000100000100000000000000000000000010000000000000000000000000 -0.3636218053288758 21.0
000000000000000000001000000000000000000000000000010000000001000000000010000000000000001000000000000000000000000000000000000000000000000000000000000001000000000100000000000000000000000000000000000000000000000000000000000000000000000000000000000000001000000000000000000000000000000000000000000010000010000001000000000000000000000000000000000000000000000000000000000001000000001010000000000000000000000000000000000000000000000010000000000000000000000000000000000001000000000000000100000000000000000000000000000000000000000010000000000000100000000000000100000000000000000100000100000000000000000000000010000000000000000000000000 -0.39176690438762307 23.0
000000000000000000001000000000000000000000000000110000000001000000000011000000000000001000000000000000000000000000000000100000000000000000000000000001000000000100000000000000000000001000000000000000000000000000000000000000000000000000000000000000001100000000000000000000000000000000000000000010000000000001000000000000000000000000000000000000000000000000000000000001000000001000000000000000000000000000000000000000000000000010000000000000000000000000000000000000000000000000000100000000000000000000000000000000000000000010000000000000100000000000000100000000000000000100000100000000000000000000000010000000000000100000000000 -0.4211856038309634 26.0
000000000000000000001000000000000000000000000010010000000001000000000010000000000000001000000000000000000000000000000000000000000000000000000000000001000000011100000000000000000000001000000000000000000000000000000000000000000000000000000000000000001000000000000000000000000000000000000000000010000010000001000000000000000000000000000000000000000000000000000000000001000000001010000000000000000000000000000000000000000000000000000000000000000000000000000000000001000000001000001100000000000000001000000000000000000000000000000000000000000000000000000100000000000000000100001100000000000000000000000010000001000000000000000000 -0.46489300625398755 29.0
000000000000000000001000000000000000000100000000010000000001000000000010000001000000001000000000000000000000000000000000000000000000000000000000000001000000001100000000000000000000001000000000000000010000000000000000000000000000000000000000000000001000000000000000000000000000000000000000000010000000000001000000000000000000000000000000000000000000000000000000000001000000001000000001000000000000000000000000000000000000000000000000001000000000000000000000100001000000001000001100000000000000000100000000000000000000000000000000100000000000000000000100000000000000000100001100000000000000000000000010000001000000000000000000 -0.5119138057343662 32.0
000001000000000000001000000000000000000000000000010000000001000000000010000000000000000010001000000000000000000000001000000000000000000000000000000001000000001000000000000000000000001000000000000000010000000000000000000000000000000000000000000000001001000000000000000000000100000000000000000010000000000001000000000000000000000000000000000000000000000000000100000001000000001000000001000000010000000000000000000000000000000010000000001000000000000000000000100001000000001000000100000000000000000000000000000000000000000000000000100000000000001000000100000000010000000100001100000000000000000000000010001001000000000000000000 -0.5545904072932899 38.0
000001000000000010001000000000000000000100000000010000000001000000000010000000000100001000001000000000000001000000001000000000000000000000000000000001000000001000000000000000000000001000000000000000010000000100000001000000000000000000000000000000001000000000000000000000000100000000000000000010000000000001000000000000000000000000000000000000000000000000000100000001000000001000000001000000010000000000000000000000000000000000000000001000000000000000000000100001000000001000001100000000000000000100000000000000000000000000000000100000000000001110000100000000100000000100001100000000000000000000000010000001000000000000000000 -0.6377035090699792 45.0
000001000000000010001000000000000000000000000000010000000001100000000010000000010000000000001100000000000000000100001100100000000000000001000000000001000000001000001000100000000000001100000000000000010000000000000000000000000000000000000001000000011001000000000000000000000100000000000000000000000000100001101000000000000000010000000000000000000000000000000000000001000000001000000000000000010000000000010000000000000000000000000000000000000000000000000000100101000000001000000000000000000000010000000000000000000000000000000000100000000000001100000101000001010000000000001100000000100010100000000010000011000001000001100000 -0.7003051079809666 59.0
100001100000101110001000000000000000000000000000010000000001100000000000000100010000000000000000100100000000000100001100100001001000000100000000000001000000001000001000100001000000001101000000010001000000000000000000000000000000001010000011010000001000000000000010000000000101000001000000000000000000100000100000000000000000010000000000001000000000000001000000100011000000001010000010000000010010010100010000000000000000000000000000000000001100000011100000000001000000000000001100000000000001010001000000010000000001000000000000100000000000001100001100000001000000000000001000100000000011100100000010000010000000000001100000 -0.82866420596838 87.0
#
