# Problem = Knapsack
# Variables = 1
# Objectives = 2
000000000000000000000000000000000000000000000000000000000000000000000000000000000000000000000000000000000000000000000000000000000000000000000000000000000000000000000000000000000000000000000000000000000000000000000000000000000000000000000000000000000000000000000000000000000000000000000000000000000000000000000000000000000000000000000000000000000000000000000000000 0.0 0.0
101011001111000001101011101000011010110100111110110001011001101001110111011111001010010011001111001101110000010101100000101010110001010111111101010010111011011111111010110001010100011000001000111010100100000011010101001011101001100010010110110111000001111000111100010100000000001001011000010100011110111011000000110001011010011000000111001100001001000111100101110 -0.646971101872623 177.0
000000000000000000000000000000000000000000000000010000000000000000000000000000000000000000000000000000000000000000000000000000000000000000000000000000000000000000000000000000000000000000000000000000000000000000000000000000000000000000000000000000000000000000000000000000000000000000000000000000000000000000000000000000000000000000000000000000000000000000000000000 -0.015151499770581722 1.0
000000000000000000000000000000000000000000010000000000000000000000000000010000000000000000000000000000000000000000000000000000000000000000000000000000000000000000000000000000000000000000000000000000000000000000000000000000000000000000000000000000000000000000000000000000000000000000000000000000000000000000000000000000000000000000000000000000000000000000000000000 -0.030302999541163445 2.0
000000000000000000000000000000000000000000010000000000000000000000000000000000000000000000000000000000000000000000000000000000000000000000000000000000000000001000000000000000000000000000000000000000000000000000000000000000000000000000000000000000000000000000000000000000000000000000000000000000000000000000000000000000000000000000000100000000000000000000000000000 -0.04545449931174517 3.0
000000000000000000000000000000000000000000000000000000000000000000000000000100000000000000000000000000000000000000000000000000000000000100000000000000000000001000000000000000000000000000000000000000000000000000000000000000000000000000000000000000000000000000000000000000000000000000000000000000000000000000000000000000000000000000000100000000000000000000000000000 -0.06060599908232689 4.0
000000000000000000000000000000000000000000000000000000000000000000000000000000000000000000000000000000000000000000000000000000000000000000000000000000000000001000000000000000000000000000000000000000000000000000000000000000000000000000000000000000000000000000000000000000000000000000000000000000000000000000000000000000000000000000000000011000000010000000000010000 -0.07575749885290861 5.0
000000000000000000000000000000000000000000000000010000000000000000000000000000000000000000000100000000000000000000000000000000000000000000001000000000000000010000000000000000000000000000000000000000000000000000000000000000000000000000000000000000000000000000000000000000000000000000000000000000000000000000000000000000000000000000000000010000000010000000000000000 -0.09090899862349033 6.0
000000000000000000000000000000000000000000000000000000000000000000000000010100000000000000000100000000000000000000000000000000000000000000001000000000000000010000000000000000000000000000000000000000000000000000000000000000000000000000000000000000000000000000000000000000000000000000000000000000000000000000000000000000000000000000000000010000100000000000000000000 -0.10606049839407206 7.0
000000000000000000000000000000000000000000000000000000000000000000000000000100000000000000000100000000000000000000000000000000000000000000000010000000000000010000000000000000000000000000000000000000000000000000000000000000000000000000000000000000000000000000000000000000000000000000000000000000000000000000000000000000000000000000000000011000100010000000000000000 -0.12121199816465378 8.0
000000000000000000000000000000000000000001000000010000000000000000000000000100100000000000000100000000000000000000000000000000000000000000000000000000000000010000000000000000000000000000000000000000000000000000000000000000000000000000000000000000000000000000000000000000000000000000000000000000000000000000000000000000000000000000000000010000100010000000000000000 -0.1363634979352355 9.0
000000000000000000000000000000000000000000000000010000000000000000000000000100000000000000000100000000000000000000000000000000000000000000001010000000000000011000000000000000000000000000000000000000000000000000000000000000000000000000000000000000000000000000000000000000000000000000000000000000000000000000000000000000000000000000000000011000100000000000000000000 -0.15151499770581722 10.0
000000000000000000000000000000000000000001000000010000000000000000000000000100000000000000000100000000000000000000000000000000000000000000011010000010000000010000000000000000000000000000000000000000000000000000000000000000000000000000000000000000000000000000000000000000000000000000000000000000000000000000000000000000000000000000000000010000100000000000000000000 -0.16666649747639894 11.0
000000000000000000000000000000000000000000000000010000000000000000000000000100000000000000000100000000000000000000000000000000000000000000001010000010000000000000000000000000000000000000000000000000000000000000000000000000000000000000000000000000000000000000000000000000000000000000000000000000000000000000000000000000000000000000000000011100100010000000001000000 -0.18181799724698067 12.0
000000000000000000000000000000000000000000000000010000000000000000000000000100000000000000000100000000000000000000000000000000000000000000001010000010000000010000000000000000000000000000000000000000000000000000000000000000000000000000000000000000000000000000000000000000000000000000000000000000000000000000000000000000000000000000000000011100100010000000001000000 -0.1969694970175624 13.0
000000000000000000000000000000000000000000000000010000000000000000000000000100000000000000000100000000000000000000000000000000000000000000001110000010000000010000000000000000000000000000000000000000000000000000000000000000000000000000000000000000000000000000000000000000000000000000000000000000000000000000000000000000000000000000000000011100100010000000001000000 -0.2121209967881441 14.0
000000000000000000000000000000000000000001100000010000000000000000000000000100000000000000000100000000000000000000000000000000000000000100011010000000000000010000000000000000000000000000000000000000000000000000000000000000000000000000000000000000000000000000000000000000000000000000000000000000000000000000000000000000000000000000000000011000100010000000001000000 -0.22727249655872583 15.0
000000000000000000000000000000000000000001000000010000000000000000000000000100000000000000000100000000000000000000000000001000000000000100011010000010000000010000000000000000000000000000000000000000000000000000000000000000100000000000000000000000000000000000000000000000000000000000000000000000000000000000000000000000000000000000000000010000100010000000001100000 -0.2454543965868652 17.0
000000000000000000000000000000000000000001100000010000000000000000000000000100100000000000001100000000000000000000000000000000000000000100011110000000000000011000000000000000000000000000100000000000000000000000000000000000000000000000000000000000000000000000000000000000000000000000000000000000000000000000000000000000000000000000000000010000100010000000001000000 -0.2803027960471809 19.0
000000000000000000000000000000000000000001100000010000000000001000001000000100000000000000001100000000000000000000000000000000000000000100011110100010000000011000000000000000000000000000100000000000000000000000000000000000000000000000000000000000000000000000000000000000000000000000000000000000000000000000000000000000000000000000000000010000100010000000011000000 -0.3106058961711824 23.0
000000000000000000000000000000000000000001100000010000000000001000001000010100100000000000001100000000000000000000010000000000000000000100011110100010000000011000000000000000000000000000100000000000000000000000000000000000100000000000000000000000000000000000000000000000000000000000000000000000000000000000000000000000000000000000000000010000100010000000011000000 -0.3560604960657656 27.0
000000000000000000000000000000000000100001000000010000000000001000000000010100100000000000001101000000000000000000010000000000001000000100011110100010000001011000000000000000000000000000100000100000100000000000000000000000100000000000001000000000000000000000000000000000000000000000000000000000000000000000000000000000000000000000000100011000100011000000010000000 -0.41969709657132626 34.0
000000000000000000000000000000000000100011100100010000000000001000001100010100100001000000001100000000000000000000000000000000000000000100011110100010000000011000000000010000000000000000100000100000110000000000000000000000101000000010000000000010000000000000000000000000000000000000000010010000000000000000000000000000000000000000000100010000100011000000011100000 -0.49242439633235335 43.0
#
