# Problem = Knapsack
# Variables = 1
# Objectives = 2
10000010010010000001000000000000000000000000000100001000100000001000000010000000000001000000010111010011001110111111110111000111011001011111111011110110111111111110111111010110011100110000000000000000000100000000000000100001010000001000000000000001100010100000000000000000000000000000100001000000000000110000000000000010000000000100010001000100001011001010000000000000 -0.32744669693056494 100.0
10000010010010000001000000000000000000000000000100001000100000001000000010000000000000000000010111010011001110111111110111000111011001011111111011110110111111111110111111010110011100110000000000100001000100000000000000100000010000001000000000000001100000000000000000100000000000000000100001000000000000110000000000000010000000000100010001000100001011001010000000000000 -0.32654089690186083 99.0
10000010010010000001000000000000000000000000000100001000100000000000000010000000000000000000010111010011001110111111110111000111011001011111111011110110111111111110111111010110011100110000000000000000000100000000000000000000000000001000000000000001100000000000000000000000000000000000100001000000000000110000000000000010000000000100010001000100001011001010000000000000 -0.3179357969202101 93.0
10000010010010000001000000000000000000000000000100001000100000001000000010000000000000000000010111010011001110111111110111000111011001011111111011110110111111111110111111010110011100110000000000000000000100000000000000100001010000001000000000000001100010000000000000000000000000000000100001000000000000110000000000000010000000000100010001000100001011001010000000000000 -0.32518219691701233 98.0
10010111010010000001000010000000000100010000110100001000100001011010000010000000000001000000010111010011001110111111110111000111011001011111111011110110111111111110111111010110011100110000000000100001000100000001000000100101010000001000001000000011100010101110000010100000000100000000100001000000000000110000000000000010000000000100010001000100001011001010000000000000 -0.3528090971522033 123.0
10000010010010000001000000000000000000010000000100001000100000001000000111001000000010000000010111010011001110111111110111000111011001011111111011110110111111111110111111010110011100110000000000100001000100000001000000100101010000001000001000000001100010100000000010100000000000000000100001000000000000110000000000000010000000000100010001000100001011001010000000000000 -0.34058079693932086 111.0
10000010010010000000000000000000000000000000000000001000000000000000000000000000000000000000010111010011001110111011110111000111011001011111111001110110111110111110111101010110001100110000000000000000000100000000000000000000000000001000000000000001100000000000000000000000000000000000100001000000000000110000000000000010000000000100010001000100001011001010000000000000 -0.2971023968420923 84.0
10000010010010000001000000000000000000000000000000001000000000000000000000000000000000000000010111010011001110101111110111000111011001011111111011110110111111111110111101010110011100110000000000000000000100000000000000000000000000001000000000000001100000000000000000000000000000000000100001000000000000110000000000000010000000000100010001000100001011001010000000000000 -0.3070661968085915 88.0
10000010010010000001000000000000000000000000000100001000100000000000000010000000000000000000010111010011001110111111110111000111011001011111111011110110111111111110111111010110011100110000000000000000000100000000000000000100000000001000000000000001100000000000000000000000000000000000100001000000000000110000000000000010000000000100010001000100001011001010000000000000 -0.3192944969050586 94.0
10000010010010000001000000000000000000000000000100001000100000001000000010000000010000000000010111010011001110111111110111000111011001011111111011110110111111111110111111010110011100110000000000000000000110000001000000000101000000001000001000000001100010000110000010100000000100000000100001000000000000110000000000000010000000000100010001000100001011001010000000000000 -0.33514599688351154 106.0
10000010010010000001000000000000000000000000000100001000100000000000000010000000000000000000010111010011001110111111110111000111011001011111111011110110111111111110111111010110011100110000000000000000000100000000000000000000000000001000000000000001100010000000000000100000000000000000100001000000000000110000000000000010000000000100010001000100001011001010000000000000 -0.3206531968899071 95.0
10000010010010000001000000000000000000000000000100001000100000001000000011000000010000000000010111010011001110111111110111000111011001011111111011110110111111111110111111010110011100110000000000000000000110000001000000000101010000001000001000000001100010000110000010000000000100000000100001000000000000110000000000000010000000000100010001000100001011001010000000000000 -0.33605179691221565 107.0
10000010010010000000000000000000000000000000000000001000000000000000000000000000000000000000010101010011001110101111110111000111011001011111111001110110111111111110111101010110011100110000000000000000000100000000000000000000000000001000000000000001100000000000000000000000000000000000100001000000000000110000000000000010000000000100010001000100001011001010000000000000 -0.2998197968117893 85.0
10000010010010000000000000000000000000000000000000001000000000000000000000000000000000000000010101000011001110111111110111000011001001011100111001110110101110111110111011010110011100110000000000000000000100000000000000000000000000001000000000000001100000000000000000000000000000000000100001000000000000110000000000000010000000000100010001000100001011001010000000000000 -0.2835153969936073 79.0
10000111010110100011100110001000010101000000000100111000100001101000000011000000110001010000010111010011001110111111110111000111011001011111111011110110111111111110111111010110011100110000000000100001000110000001000000100101010000001000001000000011100010101110000010100000000100000000100001000000000000110000000000000010000000000100010001000100001011001010000000000000 -0.3618670974392444 133.0
10010111010110010011101110001100001100010000110100011000101000111110000010010000000111010001010111010011001110111111110111000111011001011111111011110110111111111110111111010110011100110000000000100001000110000001000000100101010000001000000100000011100010101110000010100000000100000000100001000000000000110000000000000010000000000100010001000100001011001011000000000000 -0.36866059771273285 142.0
10000010010010000001000000000000000000000000000100001000100000001000000010000000000000000000010111010011001110111111110111000111011001011111111011110110111111111110111111010110011100110000000000000001000110000001000000000101010000001000001000000001100010000010000000100000000000000000100001000000000000110000000000000010000000000100010001000100001011001010000000000000 -0.33288149686995894 104.0
10000010010010000001000000000000000000010000000100001000100000001000000111000000000000000000010111010011001110111111110111000111011001011111111011110110111111111110111111010110011100110000000000100001000100000001000000100101010000001000001000000001100010100000000010100000000000000000100001000000000000110000000000000010000000000100010001000100001011001010000000000000 -0.33876919688191265 109.0
10000010010010000001000000000000010000010000010100001000100000011000000111000000000000000000010111010011001110111111110111000111011001011111111011110110111111111110111111010110011100110000000000100000000100000001000000100101010000001000001000000001100010100000000010100000000100000000100001000000000000110000000000000010000000000100010001000100001011001010000000000000 -0.34148659696802497 112.0
10000010010010000000000000000000000000000000000000001000000000000000000000000000000000000000010001010010000110101001110110000011001001011110111011110110101110111110110111010110010000100000000000000000000100000000000000000000000000001000000000000001100000000000000000000000000000000000100001000000000000110000000000000010000000000100010000000100001010001010000000000000 -0.2590587972663343 70.0
10000010010010000000000000000000000000000000000000001000000000000000000000000000000000000000010101000011001110001100110111000011011001011001101001000110101110011110111001000110001000110000000000000000000100000000000000000000000000001000000000000001100000000000000000000000000000000000100001000000000000110000000000000010000000000100010000000100001010001010000000000000 -0.2481891973875463 66.0
10000011010110100001000000000000000000000000100100001000100001001000000111000000000000000000010111010011001110111111110111000111011001011111111011110110111111111110111111010110011100110000000000100001000100000001000000100101010000001000001000000001100010100010000010100000000000000000100001000000000000110000000000000010000000000100010001000100001011001010000000000000 -0.3437510969815776 114.0
10000010010010000000000000000000000000000000000000001000000000000000000000000000000000000000010100010011000110101011110101000011001001011111111001110100111110111110111101000110011100110000000000000000000100000000000000000000000000001000000000000001100000000000000000000000000000000000100001000000000000110000000000000010000000000100010001000100001011001010000000000000 -0.2753631970845163 76.0
10000111011110110011001100001000001101000000100100011000100000111010000011010000110001011001010111010011001110111111110111000111011001011111111011110110111111111110111111010110011100110000000000000001000110000001000000100101010000001000001100000011100010101110000010100000000100000000100001000000000000110000000000000010000000000100010001000100001011001010000000000000 -0.36594319762662053 138.0
10010111010010000001000000000000010100010000010100001000100000011000000011000000000001000000010111010011001110111111110111000111011001011111111011110110111111111110111111010110011100110000000000100001000100000001000000100101010000001000001000000011100010100010000010100000000100000000100001000000000000110000000000000010000000000100010001000100001011001010000000000000 -0.3487329970812425 119.0
10000010010010000000000000000000000000000000000000001000000000000000000000000000000000000000000101000011000110111111110111000011011001011011111001010100101111011110111101010110001100110000000000000000000100000000000000000000000000001000000000000001100000000000000000000000000000000000100001000000000000110000000000000010000000000100010000000100001010001010000000000000 -0.2699283971451223 74.0
10000010010010000001000000000000000000000000000000001000000000000000000000000000000000000000010111010011001110111111110111000111011001011111111011110110111111111110111110010110011100110000000000000000000100000000000000000000000000001000000000000001100000000000000000000000000000000000100001000000000000110000000000000010000000000100010001000100001011001010000000000000 -0.3097835967782885 89.0
10000010010010000001000000000000000000000000000100001000100000001000000010000000000000000000010111010011001110111111110111000111011001011111111011110110111111111110111111010110011100110000000000100000000100000001000000100001010000001000000000000001100010100000000010100000000000000000100001000000000000110000000000000010000000000100010001000100001011001010000000000000 -0.33197569684125483 103.0
10000010010010000000000000000000000000000000000000001000000000000000000000000000000000000000010101000011000110111110110110000011001001011000101001110110111110011110111011010110011000110000000000000000000100000000000000000000000000001000000000000001100000000000000000000000000000000000100001000000000000110000000000000010000000000100010000000100001011001010000000000000 -0.2644935972057283 72.0
10000010010010000001000000000000000000000000000100001000100000001000000010000000000000000000010111010011001110111111110111000111011001011111111011110110111111111110111111010110011100110000000000100000000100000000000000100001010000001000000000000001100010100000000010100000000000000000100001000000000000110000000000000010000000000100010001000100001011001010000000000000 -0.33061699685640633 102.0
10000010010010000000000000000000000000000000000000001000000000000000000000000000000000000000010111010011000110101111110111000011001001011111111001110110111111111110111101000110011100110000000000000000000100000000000000000000000000001000000000000001100000000000000000000000000000000000100001000000000000110000000000000010000000000100010001000100001011001010000000000000 -0.2916675969026983 82.0
10000010010010000001000000000000000000000000000100001000100000001000000010000000000000000000010111010011001110111111110111000111011001011111111011110110111111111110111111010110011100110000000000100000000100000000000000100001010000001000000000000001100010100000000000100000000000000000100001000000000000110000000000000010000000000100010001000100001011001010000000000000 -0.32925829687155783 101.0
10000010010010000000000000000000000000000000000000001000000000000000000000000000000000000000010101000011000110111011110111000111001001011110111001110110101110111110011001000110000100100000000000000000000100000000000000000000000000001000000000000001100000000000000000000000000000000000100001000000000000110000000000000010000000000100010001000100001011001010000000000000 -0.2672109971754253 73.0
10000010010010000001000000000000000000000000000100001000100000000000000010000000000000000000010111010011001110111111110111000111011001011111111011110110111111111110111111010110011100110000000000000000000100000000000000000001000000001000000000000001100000100000000010000000000000000000100001000000000000110000000000000010000000000100010001000100001011001010000000000000 -0.3220118968747556 96.0
10010111010110110011001100001000000101010000110100011000110001111010000011000000000001000001010111010011001110111111110111000111011001011111111011110110111111111110111111010110011100110000000000100001000110000001000000100101010000001000001000000011100010100110000010100000000100000000100001000000000000110000000000000010000000000100010001000100001011001010000000000000 -0.3636786974966526 135.0
10000010010010000000000000000000000000000000000000001000000000000000000000000000000000000000010101010011001110111111110111000111011001011111111001110110101110111110111101010110011100110000000000000000000100000000000000000000000000001000000000000001100000000000000000000000000000000000100001000000000000110000000000000010000000000100010000000100001011001010000000000000 -0.2943849968723953 83.0
10000010010010000001000000000000010000010000000100001000100000001000000011000000000000000000010111010011001110111111110111000111011001011111111011110110111111111110111111010110011100110000000000100001000100000001000000100001010000001000001000000001100010100000000010100000000000000000100001000000000000110000000000000010000000000100010001000100001011001010000000000000 -0.33741049689706415 108.0
10000010010010000000000000000000000000000000000000001000000000000000000000000000000000000000010001000011000110001101110100000011011001011000111000100110101110011010011111000110000000110000000000000000000100000000000000000000000000001000000000000001100000000000000000000000000000000000100001000000000000110000000000000010000000000100010000000100001010001010000000000000 -0.2373195975087583 62.0
10000011010110000011000110001000001001010000010100001000101010001010000011010000000001010000010111010011001110111111110111000111011001011111111011110110111111111110111111010110011100110000000000100001000110000001000000100101010000001000001100000011100010101110000010100000000100000000100001000000000000110000000000000010000000000100010001000100001011001010000000000000 -0.35914969735313207 130.0
10000010010010000000000000000000000000000000000000001000000000000000000000000000000000000000010001000011000100101001110100000011011001011100111000000110101110011010011001000110000100100000000000000000000100000000000000000000000000001000000000000001100000000000000000000000000000000000100001000000000000110000000000000010000000000100010000000100001010001010000000000000 -0.2291673975996673 59.0
10000111010010110011100100001000010000000000010100001000100001101000000011000000010001011000010111010011001110111111110111000111011001011111111011110110111111111110111111010110011100110000000000100001000110000001000000100101010000001000001000000011100010100110000010100000000100000000100001000000000000110000000000000010000000000100010001000100001011001010000000000000 -0.35733809729572386 128.0
10010111010010100011101000001000010001000000100100001000100000001010000011010000110001000001010111010011001110111111110111000111011001011111111011110110111111111110111111010110011100110000000000100001000110000001000000100101010000001000001000000001100010101110000010100000000100000000100001000000000000110000000000000010000000000100010001000100001011001010000000000000 -0.35824389732442796 129.0
10000011010010000001000000000000000000010000010100001000110001001010000110000000000000000010010111010011001110111111110111000111011001011111111011110110111111111110111111010110011100110000000000100001000100000001000000100101010000001000001000000011100010100110000010100000000100000000100001000000000000110000000000000010000000000100010001000100001011001010000000000000 -0.3482800970086828 118.0
10000010010010000000000000000000000000000000000100001000000000000000000000000000000000000000010111010011000110101111110111000011011001011111111011110110111111111110111111010110011100110000000000000000000100000000000000000000000000001000000000000001100000000000000000000000000000000000100001000000000000110000000000000010000000000100010001000100001011001010000000000000 -0.3043487968388945 87.0
10000010010010000000000000000000000000000000000000001000000000000000000000000000000000000000010111000011001110111111110111000011011001011011111001110110101111111010111111000110010100110000000000000000000100000000000000000000000000001000000000000001100000000000000000000000000000000000100001000000000000110000000000000010000000000100010001000100001011000010000000000000 -0.2862327969633043 80.0
10000111010010100011000100001000000101000000100100001000110000101010000010010000000000000001010111010011001110111111110111000111011001011111111011110110111111111110111111010110011100110000000000100001000110000001000000100101010000001000001000000011100010101110000010100000000100000000100001000000000000110000000000000010000000000100010001000100001011001010000000000000 -0.35552649723831564 126.0
00000010010010000000000000000000000000000000000000001000000000000000000000000000000000000000010101000011000100101000110100000001000001011000101000100110101110011010011001000110000100100000000000000000000100000000000000000000000000001000000000000001100000000000000000000000000000000000100001000000000000100000000000000010000000000100010000000100001010001010000000000000 -0.2092397976666689 53.0
10000010010010000000000000000000000000000000000000001000000000000000000000000000000000000000010111010010000110101111110111000011001001011110111011110110101110111110111111010110011100110000000000000000000100000000000000000000000000001000000000000001100000000000000000000000000000000000100001000000000000110000000000000010000000000100010001000100001011001010000000000000 -0.2889501969330013 81.0
10000111010110000001000000000000000000010000010100011000110001001010000110000000000001000000010111010011001110111111110111000111011001011111111011110110111111111110111111010110011100110000000000100001000100000001000000100101010000001000001100000011100010100110000010100000000100000000100001000000000000110000000000000010000000000100010001000100001011001010000000000000 -0.3519032971234992 122.0
10000010010010000000000000000000000000000000000000001000000000000000000000000000000000000000010001000011000100101001110100000011001001011000011000100110101110011110010001000110010000100000000000000000000100000000000000000000000000001000000000000001100000000000000000000000000000000000100001000000000000110000000000000010000000000100010000000100001011001010000000000000 -0.22554419748485088 58.0
10000010010010000000000000000000000000000000000000001000000000000000000000000000000000000000010101010011001100111101110111000110011001011110111010000110111110111110111110000110011100110000000000000000000100000000000000000000000000001000000000000001100000000000000000000000000000000000100001000000000000110000000000000010000000000100010001000100001011001010000000000000 -0.2807979970239103 78.0
10000010010010000000000000000000000000000000000000001000000000000000000000000000000000000000010111000011000100111111110111000010001001011110101011110110101110011110111001000110011100110000000000000000000100000000000000000000000000001000000000000001100000000000000000000000000000000000100001000000000000110000000000000010000000000100010001000100001011001010000000000000 -0.2726457971148193 75.0
10000010010010000000000000000000000000000000000000001000000000000000000000000000000000000000010111010011000100011101110111000011001001010110111000110110101110011110011101010110010100100000000000000000000100000000000000000000000000001000000000000001100000000000000000000000000000000000100001000000000000110000000000000010000000000100010001000100001011000010000000000000 -0.2617761972360313 71.0
10000010010010000000000000000000000000000000000000001000000000000000000000000000000000000000010101000011000100101001110110000011011001011000101001100110101110011010011001000110000100100000000000000000000100000000000000000000000000001000000000000001100000000000000000000000000000000000100001000000000000100000000000000010000000000100010000000100001010001010000000000000 -0.2318847975693643 60.0
00000010010010000000000000000000000000000000000000001000000000000000000000000000000000000000010100000011000110101000110100000011000001011000101001100110101110011110011001000110000000100000000000000000000100000000000000000000000000001000000000000001100000000000000000000000000000000000100001000000000000100000000000000010000000000100010000000100001010001010000000000000 -0.2160332975909114 55.0
10000010010010000001000000000000000000000000000100001000100000001000000010000000000000000000010111010011001110111111110111000111011001011111111011110110111111111110111111010110011100110000000000000000000100000000000000000001010000001000000000000001100010000000000000000000000000000000100001000000000000110000000000000010000000000100010001000100001011001010000000000000 -0.32382349693216383 97.0
10000010010010000000000000000000000000000000000000001000000000000000000000000000000000000000010101000011001110101100110100000011011001011100101001000110101110011110011001000110001100110000000000000000000100000000000000000000000000001000000000000001100000000000000000000000000000000000100001000000000000110000000000000010000000000100010000000100001010001010000000000000 -0.2454717974178493 65.0
10000010010010000000000000000000000000000000000100001000100000000000000010000000000000000000010111010011001110111111110111000011011001011111111011110110111111111110111111010110011100110000000000000000000100000000000000000000000000001000000000000001100000000000000000000000000000000000100001000000000000110000000000000010000000000100010001000100001011001010000000000000 -0.3134067968931049 91.0
10000010010010000000000000000000000000000000000000001000000000000000000000000000000000000000000000010011000110101011110101000011001001011110111001110110111111011110010001000110010000110000000000000000000100000000000000000000000000001000000000000001100000000000000000000000000000000000100001000000000000110000000000000010000000000100010001000100001011001010000000000000 -0.2563413972966373 69.0
10010111010010000001000000000000001100010000110100001000100000001000000010010000000001000000010111010011001110111111110111000111011001011111111011110110111111111110111111010110011100110000000000100001000100000001000000100101010000001000001000000011100010101110000010100000000100000000100001000000000000110000000000000010000000000100010001000100001011001010000000000000 -0.3509974970947951 121.0
10000010010010000000000000000000000000000000000000001000000000000000000000000000000000000000010111010011000110001111110111000011011001010111111001110110101110111110011101010110011100100000000000000000000100000000000000000000000000001000000000000001100000000000000000000000000000000000100001000000000000110000000000000010000000000100010001000100001011000010000000000000 -0.2780805970542133 77.0
10000010010010000000000000000000000000000000000000001000000000000000000000000000000000000000010001000011000100001000110100000000001001001000101000100100001110010010011001000110000000110000000000000000000100000000000000000000000000001000000000000001100000000000000000000000000000000000100001000000000000110000000000000010000000000100010000000100001010001010000000000000 -0.1983701977878809 49.0
10000111010010100001000100000000000101010000000100011000100001001010000010000000010001010000010111010011001110111111110111000111011001011111111011110110111111111110111111010110011100110000000000100001000110000001000000100101010000001000001000000011100010101110000010100000000100000000100001000000000000110000000000000010000000000100010001000100001011001010000000000000 -0.35462069720961154 125.0
10000010010010000000000000000000000000000000000000001000000000000000000000000000000000000000010001000010000100001000110100000010001001001000101000100100101110011110011000000110000000110000000000000000000100000000000000000000000000001000000000000001100000000000000000000000000000000000100001000000000000110000000000000010000000000100010000000100001010001010000000000000 -0.20742819784209132 51.0
10000111010010000001000000000000000000000000010100001000100001001000000110000000000000000000010111010011001110111111110111000111011001011111111011110110111111111110111111010110011100110000000000100001000100000001000000100001010000001000001000000011100010100110000000100000000100000000100001000000000000110000000000000010000000000100010001000100001011001010000000000000 -0.34284529695287347 113.0
10000010010010000000000000000000000000000000000000001000000000000000000000000000000000000000010001000011000110101001010110000111001001011110101011110110101110011010011101010110010000000000000000000000000100000000000000000000000000001000000000000001100000000000000000000000000000000000100001000000000000100000000000000010000000000100010000000100001010001010000000000000 -0.2427543974481523 64.0
10000011010110100011101110001000010101000000000100011000100010001010000011010000110001010000010111010011001110111111110111000111011001011111111011110110111111111110111111010110011100110000000000100001000110000001000000100101010000001000001100000011100010101110000010100000000100000000100001000000000000110000000000000010000000000100010001000100001011001010000000000000 -0.3627728974679485 134.0
10000010010010000000000000000000000000000000000000001000000000000000000000000000000000000000010001000011000100101001110101000011001001011100111000100110101110011110011001000110000000100000000000000000000100000000000000000000000000001000000000000001100000000000000000000000000000000000100001000000000000110000000000000010000000000100010000000100001011001010000000000000 -0.2346021975390613 61.0
10000010010010000000000000000000000000000000000000001000000000000000000000000000000000000000010001000010000100001000110100000000001001011000101000100100001110010010011001000110010000010000000000000000000100000000000000000000000000001000000000000001100000000000000000000000000000000000100001000000000000100000000000000010000000000100010000000100001010001010000000000000 -0.1956527978181839 48.0
10000010011010000001000000000000000000000000000100001000100000001000000010000000000010000000010111010011001110111111110111000111011001011111111011110110111111111110111111010110011100110000000000100000000100000001000000100101000000001000001000000001100000100000000010100000000000000000100001000000000000110000000000000010000000000100010001000100001011001010000000000000 -0.33378729689866304 105.0
10000010010010000000000000000000000000000000000000001000000000000000000000000000000000000000010001000011001100011111110111000111011001011000111001000110101110011110111001000110000000100000000000000000000100000000000000000000000000001000000000000001100000000000000000000000000000000000100001000000000000110000000000000010000000000100010001000100001011000010000000000000 -0.2509065973572433 67.0
00000010010010000000000000000000000000000000000000001000000000000000000000000000000000000000010100000010000100101000110100000011000001011001101001100110101110011010010001010110000000100000000000000000000100000000000000000000000000001000000000000001100000000000000000000000000000000000100001000000000000110000000000000010000000000100010000000100001010001010000000000000 -0.2133158976212144 54.0
10000010010010000001001000000000000100010000100100011000100000111010000111001000000010000000010111010011001110111111110111000111011001011111111011110110111111111110111111010110011100110000000000100001000100000001000000100101010000001000001000000001100010100010000010100000000100000000100001000000000000110000000000000010000000000100010001000100001011001010000000000000 -0.3496387971099466 120.0
10000010010110000001000000000000000000010000000100011000100000001010000111000000000001000000010111010011001110111111110111000111011001011111111011110110111111111110111111010110011100110000000000100001000100000001000000100101010000001000001000000011100010100010000010100000000100000000100001000000000000110000000000000010000000000100010001000100001011001010000000000000 -0.3460155969951302 116.0
10000010010010000000000000000000000000000000000000001000000000000000000000000000000000000000010001000011000100001000110100000010001001011000111000110110101110011110111001000110010000100000000000000000000100000000000000000000000000001000000000000001100000000000000000000000000000000000100001000000000000110000000000000000000000000100010000000100001010001010000000000000 -0.2237325976602733 57.0
10000010010010000000000000000000000000000000000000001000000000000000000000000000000000000000010111010011001110111111110111000111011001011111111001110110111111111110111111010110010100110000000000000000000100000000000000000000000000001000000000000001100000000000000000000000000000000000100001000000000000110000000000000010000000000100010000000100001011001010000000000000 -0.3025371967814863 86.0
10000010010010000000000000000000000000000000000000001000000000000000000000000000000000000000010001000011000100001000110110000010001001001000101000100110101110011010011001000110001100110000000000000000000100000000000000000000000000001000000000000001100000000000000000000000000000000000100001000000000000110000000000000010000000000100010000000100001010001010000000000000 -0.22101519769057631 56.0
10000010010010000000000000000000000000000000000100001000100000000000000000000000000000000000010111010011001110111111110111000111001001011111111011110110111111111110111111010110011100110000000000000000000100000000000000000000000000001000000000000001100000000000000000000000000000000000100001000000000000110000000000000010000000000100010001000100001011001010000000000000 -0.3115951968356967 90.0
11000111011110100011101100001000011101000000110100111000110001111010000011010000111101010000010111010011001110111111110111000111011001011111111011110110111111111110111111010110011100110000000000100001000110000001000000100101010000001000001100000011100010101110000010100000000100000000100001000000000000110100000000000010000000000100010001000100001011001010000000001000 -0.37273669778369367 147.0
10000111010110100001000000000000000000000000010100011000100001101010000110000000000001011010010111010011001110111111110111000111011001011111111011110110111111111110111111010110011100110000000000100001000100000001000000100101010000001000001000000011100010100110000010100000000100000000100001000000000000110000000000000010000000000100010001000100001011001010000000000000 -0.35371489718090743 124.0
10000010010010000000000000000000000000000000000000001000000000000000000000000000000000000000010001000011001110001010110100000010011001011111101001110110101110111110011001010110001100100000000000000000000100000000000000000000000000001000000000000001100000000000000000000000000000000000100001000000000000110000000000000010000000000100010000000100001011001010000000000000 -0.2536239973269403 68.0
11010010010010000001000000000000001100010000010100001000100000001000000011000000000001000000010111010011001110111111110111000111011001011111111011110110111111111110111111010110011100110000000000100001000100000001000000100101010000001000001000000011100010100110000010100000000000000000100001000000000000110000000000000010000000000100010001000100001011001010000000000000 -0.3469213970238343 117.0
10010111010010100011100100001000000101000000100100001000100000101010000110000000010001011001010111010011001110111111110111000111011001011111111011110110111111111110111111010110011100110000000000100001000110000001000000100101010000001000001000000011100010101110000010100000000100000000100001000000000000110000000000000010000000000100010001000100001011001010000000000000 -0.3600554973818362 131.0
10000011010110000011001110001000000001010000010100011000110010011010000011000000000001000000010111010011001110111111110111000111011001011111111011110110111111111110111111010110011100110000000000100001000100000001000000100101010000001000001000000011100010100110000010100000000100000000100001000000000000110000000000000010000000000100010001000100001011001010000000000000 -0.35643229726701975 127.0
10000111010110110011001100001000001100000000110100011000100001111010000011010000010111011001010111010011001110111111110111000111011001011111111011110110111111111110111111010110011100110000000000100001000110000001000000100101010000001000001100000011100010101110000010100000000100000000100001000000000000110000000000000010000000000100010001000100001011001010000000000000 -0.36820769764017314 140.0
10000010000010000000000000000000000000000000000000001000000000000000000000000000000000000000010101000010000100001000110100000000000001011000101000000110001110011010010001010110000000000000000000000000000100000000000000000000000000001000000000000001100000000000000000000000000000000000100001000000000000100000000000000010000000000100010000000100001010001010000000000000 -0.18931219773367047 46.0
10000010010010000001000000000000000000000000000100001000100000000000000000000000000000000000010111010011001110101111110111000111011001011111111011110110111111111110111111010110011100110000000000000000000100000000000000000000010000001000000000000001100000000000000000000000000000000000100001000000000000110000000000000010000000000100010001000100001011001010000000000000 -0.3147654968779534 92.0
11000111011110100011101100001000011101000000110100111100110001111011000011010000111101010010010111010011001110111111110111000111011001011111111011110110111111111110111111010110011100110000000000100001000110000001000000100101010000001000001100000011100010101110000010100000000100000000100001000000000000110100000000000010000000000100010001000100001011001010010000001000 -0.375454097869806 151.0
10000010010010000000000000000000000000000000000000001000000000000000000000000000000000000000000001000010000100101011110101000011001001011110111000100110101110011110011001000110000100110000000000000000000100000000000000000000000000001000000000000001100000000000000000000000000000000000100001000000000000110000000000000000000000000100010001000100001011001010000000000000 -0.2400369974784553 63.0
10000010000010000000000000000000000000000000000000001000000000000000000000000000000000000000010101000010000100001000110100000000000001011000101000100100001110111110011001010110000000000000000000000000000100000000000000000000000000001000000000000001100000000000000000000000000000000000100001000000000000110000000000000010000000000100010000000100001010001010000000000000 -0.20018179761245847 50.0
10000010010010000001000000000000000001010000000100001000110000001010000011011000000000000000010111010011001110111111110111000111011001011111111011110110111111111110111111010110011100110000000000100001000100000001000000100101010000001000001000000001100010100100000010100000000100000000100001000000000000110000000000000010000000000100010001000100001011001010000000000000 -0.3451097969664261 115.0
11000111011110100011101000001000011101010000110100011000110000111010000011010000111101010000010111010011001110111111110111000111011001011111111011110110111111111110111111010110011100110000000000100001000110000001000000100101010000001000001100000011100010101110000010100000000100000000100001000000000000110000000000000010000000000100010001000100001011001010000000000000 -0.37092509772628546 143.0
10010111010010110011101100001000000101010000010100011000100000111010000011010000111001010000010111010011001110111111110111000111011001011111111011110110111111111110111111010110011100110000000000100001000110000001000000100111010000001000001100000011100010101110000010100000000100000000100001000000000000110000000000000010000000000100010001000100001011001010000000000000 -0.3663960975827649 139.0
#
