# Problem = Knapsack
# Variables = 1
# Objectives = 2
000000000000000000000000000000000000000000000000000000000000000000000000000000000000000000000000000000000000000000000000000000000000000000000000000000000000000000000000000000000000000000000000000000000000000000000000000000000000000000000000000000000000000000000000000000000000000000000000000000000000000000000000000000000000000000000000000000000000000000000000000 0.0 0.0
100010100000110011100111100100000000000000000010000100000000000001000010000100000000100000000001000111011000000000000110011000001000010000010111000000000000010000000000110011000000001100010101000000110010100000010001000111100001000000100010000100101100000100000010110010100000000010100111000001000010010000000001000100001010001000100000000000001000000100010000100 -1.0766006018966436 86.0
000000000000000000000001000000000000000000000000000000000000000000000000000000000000000000000000000000000000000000000000000000000000000000000000000000000000000000000000000000000000000000000000000000000000000000000000000000000000000000000000000000000000000000000000000000000000000000000000000000000000000000000000000000000000000000000000000000000000000000000000000 -0.0244842991232872 1.0
100000000000000000000001000000000000000000000000000000000000000000000000000000000000000000000000000000000000000000000000000000000000000000000000000000000000000000000000000000000000000000000000000000000000000000000000000000000000000000000000000000000000000000000000000000000000000000000000000000000000000000000000000000000000000000000000000000000000000000000000000 -0.0489685982465744 2.0
000000100000000010000001000000000000000000000000000000000000000000000000000000000000000000000000000000000000000000000000000000000000000000000000000000000000000000000000000000000000000000000000000000000000000000000000000000000000000000000000000000000000000000000000000000000000000000000000000000000000000000000000000000000000000000000000000000000000000000000000000 -0.0734528973698616 3.0
100000100000000010000001000000000000000000000000000000000000000000000000000000000000000000000000000000000000000000000000000000000000000000000000000000000000000000000000000000000000000000000000000000000000000000000000000000000000000000000000000000000000000000000000000000000000000000000000000000000000000000000000000000000000000000000000000000000000000000000000000 -0.0979371964931488 4.0
100000100000000010000001100000000000000000000000000000000000000000000000000000000000000000000000000000000000000000000000000000000000000000000000000000000000000000000000000000000000000000000000000000000000000000000000000000000000000000000000000000000000000000000000000000000000000000000000000000000000000000000000000000000000000000000000000000000000000000000000000 -0.122421495616436 5.0
100000100000000010000001100000000000000000000000000000000000000000000000000000000000000000000000000000000000000000000000000000000000000000000000000000000000000000000000000000000000000000000000000000100000000000000000000000000000000000000000000000000000000000000000000000000000000000000000000000000000000000000000000000000000000000000000000000000000000000000000000 -0.14663839526474476 6.0
110000000000000010000011010000000000000000000000000000000000000000000000000000000000000000000000000000000000000000000000000000000000000000000000000000000000000000000000000000000000000000000000000000100000000000000000000000000000000000000000000000000000000000000000000000000000000000000000000000000000000000000000000000000000000000000000000000000000000000000000000 -0.17096219584345818 7.0
110010000000000010000011010000000000000000000000000000000000000000000000000000000000000000000000000000000000000000000000000000000000000000000000000000000000000000000000000000000000000000000000000000100000000000000000000000000000000000000000000000000000000000000000000000000000000000000000000000000000000000000000000000000000000000000000000000000000000000000000000 -0.19419689662754536 8.0
110010000000000010000011010000000000000000000000000000000000000000000000000000000000000000000000000000000000000000000000000000000000000000000000000000000000000000000000000000000000000000000000000000110000000000000000000000000000000000000000000000000000000000000000000000000000000000000000000000000000000000000000000000000000000000000000000000000000000000000000000 -0.2184137962758541 9.0
110010000000000010000011010000000000000000000000000000000000000000000000000000000000000000000000000000000000000000000000000000000000000000000000000000000000000000000000000000000000000000000000000000110000000000000000000010000000000000000000000000000000000000000000000000000000000000000000000000000000000000000000000000000000000000000000000000000000000000000000000 -0.24263069592416286 10.0
110010000000000010000011010000000000000000000000000000000000000000000000000000000000000000000000000000000000000000000000000000000000000000000000000000000000000000000000000000000000000000000000000000110000000000000000000010100000000000000000000000000000000000000000000000000000000000000000000000000000000000000000000000000000000000000000000000000000000000000000000 -0.2668475955724716 11.0
110010000000000010000011010000000000000000000000000000000000000000000000000000000000000000000000000000000000000000000000000100000000000000000000000000000000000000000000000000000000000000000000000000110000100000000000000000100000000000000000000000000000000000000000000000000000000000000000000000000000000000000000000000000000000000000000000000000000000000000000000 -0.2891108952462673 12.0
010010000000000010000011010000000000000000000000000000000000000000000000000000000000000000000000000000000000000000000000001000000000000000000000000000000000000000000010000000000000000000000000000000110000100000000000000000100000000000000000000000000000000000000000100000000000000000000000000000000000000000000000000000000000000000000000000000000000000000000000000 -0.3091754987835884 13.0
110010000000000010000011010000000000000000000000000000000000000000000000000000000000000000000000000000000000000000000000000000000000000000000000000000000000000000000010000000000000000000000000000000110010000000000000000010100000000000000000000000000000000000000000000000000000000000000000010000000000000000000000000000000000000000000000000000000000000000000000000 -0.3337971977889538 14.0
110010000000000010000011110000000000000000000000000000000000000000000000000000000000000000000000000000000000000000000000000000000000000000000000000000000000000000000010000000000000000000000000000000110010000000000000000000100000000000000000000000000000000000000000000000000000000000000000000000000000000100000000000000000010000000000000000000000000000000000000000 -0.35431439615786076 15.0
010010000000000010000011110000000000000000000000000000000000000000000000000000000000000000000000000000000000000000000000000100000000000000000000000000000000000000000000000000000000000000000000000000110010100000000000000000100000000000000000000000000000000000000000100000000000000000000000000000000000000100000000000000000010000000000000000000000000000000000000000 -0.376310296356678 16.0
110010000000000000000011110000000000000000000000000000000000000000000000000000000000000000000000000010000000000000000100000100000000000000000000000000000000000000000000000000000000000000010000000000110000100000000000000100100000000000000000000000000000000000000000100000000000000000000000000000000000010000000000000000000000000000000000000000000000000000000000000 -0.42041779682040215 18.0
010000000000000000000011010000000000000000000000000000000000000000000000000000000000000000000000000000000000000000000100010100000000000000000000000000000000000000000010000000000000000000010000000000110000100000000001000000000001000000000000000000000000000000000000110000000000000000000100000000000000000100000000001000000000000000000000000000000000000000000000000 -0.43605449981987476 19.0
100010000000000000000011110000000000000000000000000000000000000000000000000000000000000000000000000000000000000000000100011100000000000000000000000000000000000000000010000000000000000000010000000000110000100000000001000000000000000000000000000000000000000000000000100000000000000000000000000000000000010100000000001000000010000000000000000000000000000000000000000 -0.47760619781911373 21.0
110010000000000010100010110000000000000000000000000000000000000000000000000000000000000000000000000000000000000000000000001100000000000000000000000000000000000000000010010000000000000000010100000000110000100000000000000000100000000000000000000000000000000000000000100010000000000000000000000000000000000100000000001000000010000000000000000000000000000000000000000 -0.5244128983467817 23.0
010010000000000010000111110000000000000000000000000000000000000000000000000000000000000000000000000000001000000000000000000100000000000000000000000000000000000000000010000000000000000000010000000000110010100000000000000000100001000000000000000000000000000000000000110000000000000010100000000000000000010100000000000000000010000000000000000000000000000000000000000 -0.5523363016545773 25.0
110010000000000000100011110000000000000000000000000000000000000000000000000000000000000000000000000000000000000000000000001100000000000000000000000000000000000000000010000000000000000000010100000000110000100000000000000101100001000000000000000000000000000000000000010000000000000010100100000000000000010100000000000000000010000000000000000000000000000000000000000 -0.6136830020695925 27.0
010010000000000000100010100001000000000000000000000000000000000000000000000000000000000000000000000000001100000000000100001100000000000000000000000000000000000000000000010000000000000000010100000000110000100000000001000001100001000000000000000000000100000000000000110000000000000010100101000001000010000100000000000000000010000000000000000000000000010000000000000 -0.6697423011064529 33.0
010010000000000000100110100001000000000000000000000000000000000000000000000000000000000000000000000100000000000000000100001100000000000010000000000000000000000000010000010100000000000000010100000000110000100000000001000101100001000000000000000000000100000000000000110010000000000010100101000001001010000100000000000000000010001000000000000000000000000000000000000 -0.7753807045519352 39.0
010010000000000001100110100000000000000000000000000000000000000000000000000000000000000000000000000100000000000000000100001100001000000010000000000000000000000000000000010110000000000000010100000000110000100000000001000101100001000000000000000000000100000000000010110010110000000010100101000001000110000100000000000100010010001000000000000000000000000000000000000 -0.8813246041536331 45.0
#
