# Problem = Knapsack
# Variables = 1
# Objectives = 2
000000000000000000000000000100011000100000100000000000001000000001000000000000001100000000000000000000000000000000000000000000000000010000000001001000000001000000000000000000000000000000000000000 -0.769230917096138 13.0
111110000000101110000100011101011100111111110010011111111001110111111100111011111110010111111111001101011111100000001110100000000111111001100111111110100011111110010001111111001001110011000100011 -2.50961799826473 118.0
000000000000000000000000000100011000100000100000000100000000000001000000000010001100000000000000000000000000000000000000000000000000010000000001001000000001000000000000000000000000000000000000000 -0.8557694219052792 14.0
000000000000000000000000000100011000100000100000000100001000000001000000000010001100000000000000000000000000000000000000000000000000010000000001001000000001000000000000000000000000000000000000000 -0.913461722433567 15.0
000000000000000000000000000100011000100000100000000100011000000011000000000010001100000000000000000000000000000000000000000000000000010000000011001000000001000000000000000000000000000000000000000 -1.0288462191820145 18.0
000000000000000000000000000100011000100000100000000100011000000001000000000011000100000000000000000000000000000000000000000000000000010000000001001000000001000000000000000000000000000000000000000 -0.9615385197103024 16.0
000000000000000000000000000100011000100000100000000100011000000001000000000011001100000000000000000000000000000000000000000000000000010000000001001000000001000000000000000000000000000000000000000 -0.9903847202658653 17.0
000000000000000000000000000100011000100000100000000110011000000011001000000011001100000000000000000000000000000000000000000000000000010000000011001000000001000000000000000000000000000000000000000 -1.1346154175698757 21.0
000000000000000000000000000100011000100000100000000100011000000011001000000011001100000000000000000000000000000000000000000000000000010000000001001000000001000000000000000000000000000000000000000 -1.0673077180981636 19.0
000000000000000000000000000100011000100000100000000110011000000011001000000011001100000000000000000000000000000000000000000000000000010000000001001000000001000000000000000000000000000000000000000 -1.0961539186537266 20.0
000000000000000000000000000100011000100000100000000110011000000011001000000011001100000000100000000000000000000000000000000000000000010000000011001000000001000000000000000000000000000000000000000 -1.1634616181254387 22.0
000000000000000000000000000100011000100000100000001110011000000011001000000011001110000000000000000000000000000000000000000000000000010000000011001000000001000000000000000000000000000000000000000 -1.1923078186810017 23.0
000000000000000000000000000100011000100100100000001110011000000011001000000011001110000000000000000000000000000000000000000000000000010000000011001000000001000000000000000000000000000000000000000 -1.2211540192365646 24.0
000000000000000000000000000100011000100100100000001100011000000111001000000011001100000000100000000000000000000000000000000000000010010000000011001000000001000000000000000000000000000000000000000 -1.2500002197921276 25.0
000000000000000000000000000100011000100100100000001110011000000011001000000011101110000000000000000000000000000000000000000000000010010000000011001000000001000000000000000000000000000000000000000 -1.2788464203476906 26.0
000000000000000000000000000100011000100100100000001110011000000111001000000011101100000000100000000000000000000000000000000000000010010000000011001000000001000000000000000000000000000000000000000 -1.3076926209032536 27.0
000000000000000000000000000100011000100100100000001110011000000111001000000011101110000000100000000000000000000000000000000000000010010000000011001000000001000000000000000000000000000000000000000 -1.3365388214588165 28.0
000000000000000000000000000100011000100100100000011110011000000111001000000011101110000000100000000000000000000000000000000000000010010000000011001000000001000000000000000000000000000000000000000 -1.3653850220143795 29.0
000000000000000000000000000100011000100100100000011110011000100111001000000011101110000000100000000000000000000000000000000000000010010000000011001000000001000000000000000000000000000000000000000 -1.3894235212355852 30.0
000000000000000000000000000100011000100100100010011110011001110111001000101011101110000110100000000000000000000000000000000000000010010001100011001000100011000000000000000000000000000000000000000 -1.653847012668848 41.0
000000000000000000000000000100011000100100100010011110011000000111001000101011101110010100100000000000000000000000000000000000000010010000000011001000100011000000000000000000000000000000000000000 -1.5336545165628195 36.0
000000000000000000000000000100011000100100100000011110011000100111001000001011101110000000100000000000000000000000000000000000000010010000000011001000000001000000000000000000000000000000000000000 -1.413462020456791 31.0
000000000000000000000000000100011000100100100000011110011000010111001000000011101110000000100000000000000000000000000000000000000010010000000011001000100011000000000000000000000000000000000000000 -1.4375005196779966 32.0
000000000000000000000000000100011000100100100010011110011000000111001000001011101110010000100000000000000000000000000000000000000010010000000011001000000011000000000000000000000000000000000000000 -1.4615390188992023 33.0
000000000000000000000000000100011000100100100010011110011000110111001000000011101110010000100000000000000000000000000000000000000010010001100011001000100011000000000000000000000000000000000000000 -1.5576930157840252 37.0
000000000000000000000000000100011000100100100000011110011001100111001000101011101110010100100000000000000000000000000000000000000010010001000011001000100011000000000000000000000000000000000000000 -1.581731515005231 38.0
000000000000000000000000000100011000100100100010011110011000000111001000000011101110000100100000000000000000000000000000000000000010010000100111001000000011000000000000000000000000000000000000000 -1.485577518120408 34.0
000000000000000000000000000100011000100100100010011110011000110111001000000011101110000110100000000000000000000000000000000000000010010000000011001000000011000000000000000000000000000000000000000 -1.5096160173416138 35.0
000000000000000000000000000100011000100100100010011110011000110111001000101011101110010010100000000000000000000000000000000000000010010001000011001000100011000000000000000000000000000000000000000 -1.6057700142264366 39.0
000000000000000000000000000100011000100100100000011110011001110111001000101011101110000110100000000000000000000000000000000000000010010001100011001000100011000000000000000000000000000000000000000 -1.6298085134476423 40.0
000000000000000000000000000100011000100100100000011110011000100111001000111011101110010111100000000000000000000000000000000000000010010001100111001000100011000000000000000000000000000000000000000 -1.6778855118900537 42.0
000000000000000000000000000100011000100100100010011110011001110111001000111011101110010100100000000000000000000000000000000000000010010001100111001000100011000000000000000000000000000000000000000 -1.7019240111112595 43.0
000000000000000000000000000100011000100100100010011110011000110111001000111011101110010111100000000000000000000000000000000000000010010001100111001000100011000000000000000000000000000000000000000 -1.7259625103324652 44.0
000000000000000000000000000100011000100100100010011110011001110111001000111011101110010111100000000000000000000000000000000000000010010001100111001000100011000000000000000000000000000000000000000 -1.7500010095536709 45.0
000000000000000000000000000100011000100100110010011110011001110111001000111011101110010111100000000000000000000000000000000000000010111001100111001000100011000000000000000000000000000000000000000 -1.8076934088021517 48.0
000000000000000000000000000101011000100110110010011110011001110111001000111011101110010111100000000000000000000000000000000000000010010001100111001100100011000000000000000000000000000000000000000 -1.8269242085516453 49.0
000000000000000000000000000100011000101100110010011110011001110111011100111011101110010111100000000000000000000000000000000000000010010001100111101100100011000000000000000000000000000000000000000 -1.8653858080506325 51.0
000000000000000000000000000101011000101111110010011111111001110111111000111011101110010111100000000000000000000000000000000000000011111001100111111100100011000000000000000000000000000000000000000 -2.038463005796075 60.0
000000000000000000000000000100011000100101100010011110011001110111011000111011101110010111100000000000000000000000000000000000000011111001100111101100100011000000000000000000000000000000000000000 -1.884616607800126 52.0
000000000000000000000000000100011000100110110010011110011001110111011000111011101110010111100000000000000000000000000000000000000011111001100111101100100011000000000000000000000000000000000000000 -1.9038474075496197 53.0
000000000000000000000000000100011000100111110010011111111001110111011000111011101110010111100000000000000000000000000000000000000011111001100111101100100011000000000000000000000000000000000000000 -1.9615398067981005 56.0
000000000000000000000000000100011000101101110010011111011001110111011100111011101110010111100000000000000000000000000000000000000011111001100111111100100011000000000000000000000000000000000000000 -1.980770606547594 57.0
000000000000000000000000000100011000100101110010011111011001110111011000111011101110010111100000000000000000000000000000000000000011111001100111101100100011000000000000000000000000000000000000000 -1.9230782072991133 54.0
000000000000000000000000000100011000100101110010011111011001110111011000111011101110010111100000000000000000000000000000000000000011111001100111111100100011000000000000000000000000000000000000000 -1.9423090070486069 55.0
000000000000000000000000000101011000101111110010011111011001110111011100111011101110010111100000000000000000000000000000000000000011111001100111101100100011000000000000000000000000000000000000000 -2.0000014062970877 58.0
000000000000000000000000000101011000100111110010011111111001110111011100111011101110010111100000000000000000000000000000000000000011111001100111111100100011000000000000000000000000000000000000000 -2.0192322060465813 59.0
000000000000000000000000000100011000100110100010011110011001110111001000111011101110010111100000000000000000000000000000000000000010111001100111101100100011000000000000000000000000000000000000000 -1.8461550083011389 50.0
000000000000000000000000000100011000100100110010011110011001110111001000111011101110010111100000000000000000000000000000000000000010010001100111001000100011000000000000000000000000000000000000000 -1.7692318093031645 46.0
000000000000000000000000000100011000100110100010011110011001110111001000111011101110010111100000000000000000000000000000000000000010010001100111101000100011000000000000000000000000000000000000000 -1.788462609052658 47.0
000000000000000000000000000101011000101111110010011111111001110111111100111011101110010111100000000000000000000000000000000000000011111001100111111100100011000000000000000000000000000000000000000 -2.0576938055455685 61.0
111110000000101010001100011101011100111111110010011111111001110111111100111011111110010111111111001000011111100000001110100000000111111001100111111100100011111110010001111111000001110011100100011 -2.5048102983273566 115.0
100100000000100010000000001101011000101111110010011111111001110111111100111011111110010111111111000000011111100000000000000000000011111001100111111100100011010110000001110111000001110000000000010 -2.3397456016391516 91.0
101110000000101110000100011101011100111111110010011111111001110111111100111011111110010111111111000010011111100100001011100000000111111001100111111110100011111110010001111111001001110011100100011 -2.5064128981903195 117.0
100100000000100000000000001101011000101111110010011111111001110111111100111011111110010111111001000000011110100000001000000000000011111001100111111100100011011110000000111011000000010000000000000 -2.2884634025394917 85.0
110000000000100000000000001101011000101111110010011111111001110111111100111011101110010111110100000000001110000000001000000000000011111001100111111100100011100100000001000000000001000000000000000 -2.1923094037920237 75.0
000000000000100000000000000101011000101111110010011111111001110111111100111011111110010111101000000000010100000000000000000000000011111001100111111100100011000010000001001000000001100000000000000 -2.1538478042930365 71.0
000000000000000000000000001101011000101111110010011111111001110111111100111011101110010111101001000000001011100000000000000000000011111001100111111100100011001100000000101001000001110000000000000 -2.2019248036667705 76.0
000000000000000000000000000101011000101111110010011111111001110111111100111011101110010111101000000000000000000000000000000000000011111001100111111100100011000000000001011000000000000000000000000 -2.0961554050445557 65.0
000010000000100000000000000101011000101111110010011111111001110111111100111011101110010111101001000000001000000000000000000000000011111001100111111100100011000000000001000000000000000000000000000 -2.1153862047940493 67.0
110000000000000000000000000101011000101111110010011111111001110111111100111011101110010111100100000000000011000000000000000000000011111001100111111100100011000100000000100000000000000000000000000 -2.125001604668796 68.0
000000000000000000000000000101011000101111110010011111111001110111111100111011101110010111110000000000000010000000001000000000000011111001100111111100100011000000000000010000000001000000000000000 -2.1057708049193025 66.0
000000000000000000000000000101011000101111110010011111111001110111111100111011101110010111100000000000000000000000000000000000000011111001100111111100100011000000000001000000000000000000000000000 -2.0673092054203153 62.0
000000000000000000000000000101011000101111110010011111111001110111111100111011101110010111100000000000000000000000000000000000000011111001100111111100100011000000000000011000000000000000000000000 -2.076924605295062 63.0
000000000000000000000000000101011000101111110010011111111001110111111100111011101110010111100000000000010000000000000000000000000011111001100111111100100011000000000000011000000000000000000000000 -2.086540005169809 64.0
100000000000100000000000000101011000101111110010011111111001110111111100111011101110010111100010000000011110000000001000000000000011111001100111111100100011000010000001000000000000010000000000000 -2.1634632041677833 72.0
000010000000100000000000001101011000101111110010011111111001110111111100111011101110010111101001000000000000000000000000000000000011111001100111111100100011000000000000110000000000010000000000000 -2.134617004543543 69.0
000010000000100000000000001101011000101111110010011111111001110111111100111011101110010111111001000000000000000000001000000000000011111001100111111100100011000010000000000000000000100000000000000 -2.1442324044182897 70.0
000110000000100000000000000101011000101111110010011111111001110111111100111011111110010111111011000000001001000000001000000000000011111001100111111100100011011010000000000100000000010000000000000 -2.2115402035415173 77.0
000000000000000000000000000101011000101111110010011111111001110111111100111011111110010111101000000000001100000000000000000000000011111001100111111100100011001010000001001101000001100000000000000 -2.17307860404253 73.0
100000000000000000000000000101011000101111110010011111111001110111111100111011111110010111101100000000011100000000000000000000000011111001100111111100100011010100000001111000000000000000000000000 -2.182694003917277 74.0
110000000000000000000000000101011000101111110010011111111001110111111100111011101110010111101100000000011111000000000000000000000011111001100111111100100011010110000001110000000000110000000000000 -2.221155603416264 78.0
010010000000100000000000001101011000101111110010011111111001110111111100111011101110010111111000000000001011000000001000000000000011111001100111111100100011010100000000111000000001110000000000000 -2.230771003291011 79.0
111010000000100000000000001101011000101111110010011111111001110111111100111011111110010111100101000000011111000000000000000000000011111001100111111100100011000100000001000110000000100000000000000 -2.2403864031657577 80.0
110100000000100000000000001101011000101111110010011111111001110111111100111011111110010111110001000000011110100000001000000000000011111001100111111100100011001100000000101011000000000000000000000 -2.2500018030405045 81.0
110000000000000000000000000101011000101111110010011111111001110111111100111011111110010111111011000000001111000000000000000000000011111001100111111100100011010110000001100110000001110000000000000 -2.2596172029152513 82.0
100010000000100000000000001101011000101111110010011111111001110111111100111011111110010111101100000000011111000000000000000000000011111001100111111100100011010110000001110110000000110000000000000 -2.269232602789998 83.0
110110000000100000000000001101011000101111110010011111111001110111111100111011111110010111110101000000011110100000000000000000000011111001100111111100100011001110000001100111000000000000000000000 -2.278848002664745 84.0
111110000000100000000000001101011000101111110010011111111001110111111100111011111110010111101101000000001111000000000000000000000011111001100111111100100011011110000001110110000000010000000000000 -2.2980788024142385 86.0
100010000000100000000000001101011000101111110010011111111001110111111100111011111110010111101011000000011111100000000000000000000011111001100111111100100011011110000001111110000001100000000000000 -2.3076942022889853 87.0
110110000000100000000000001101011000101111110010011111111001110111111100111011111110010111111011000000011010100000001000000000000011111001100111111100100011011110000000111010000001110000000000000 -2.317309602163732 88.0
110110000000100000000000001101011000101111110010011111111001110111111100111011111110010111111011000000011011100000001000000000000011111001100111111100100011111110000001111011000001110000000000000 -2.3557712016627192 92.0
110100000000101110000000001101011000101111110010011111111001110111111100111011111110010111111111000000011111100000001000000000000011111001100111111100100011111110000001110111000001110010000000000 -2.3910278007388115 97.0
111110000000101111000000011101011000101111110010011111111001110111111100111011111110010111111111000000011111100000001010000000000111111001100111111100100011111110000001111111000001110010000000010 -2.4519254993647337 105.0
110110000000101010000000011101011000101111110010011111111001110111111100111011111110010111111111000000011111000000001001000000000111111001100111111100100011111110000001111111000001110000100000000 -2.413463800214231 100.0
111110000000101010000000011101011000101111110010011111111001110111111100111011111110010111111111000010011111000000001011100000000011111001100111111100100011111110000001111111000001110000000000011 -2.440707499627024 104.0
110110000000100110000000001101011000101111110010011111111001110111111100111011111110010111111011000000011111100000001000000000000011111001100111111100100011111110000001110011000001110000000000000 -2.368591801263392 94.0
100110000000100000000000001101011000101111110010011111111001110111111100111011111110010111111011000000011110100000001000000000000011111001100111111100100011011110000000111011000001110000000000000 -2.326925002038479 89.0
100110000000100110000000001101011000101111110010011111111001110111111100111011111110010111111101000010011111100000001000000000000011111001100111111100100011111110000001111111000001110000000000000 -2.383014901075512 96.0
111110000000101010000000011101011000101111110010011111111001110111111100111011111110010111111110000000011111100000001010000000000111111001100111111100100011111110000001111111000001110000000000010 -2.423079200088978 101.0
111110000000101010000000011101011000101111110010011111111001110111111100111011111110010111111110000000011111100000001000000000000111111001100111111100100011111110000001111110000001110000000000000 -2.4006432006135583 98.0
101100000000101010000000001101011000101111110010011111111001110111111100111011111110010111111111000000011111100000000010000000000011111001100111111100100011111110000001110111000001110000000000000 -2.3750021010637283 95.0
100110000000101000000000001101011000101111110010011111111001110111111100111011101110010111111011000000011111100000001000000000000111111001100111111100100011111110000001111011000001110000000000000 -2.358976401388645 93.0
101110000000101110000000001101011000101111110010011111111001110111111100111011111110010111111110000010011111100000001010000000000011111001100111111100100011111110000001111111000001110000000000000 -2.4054509005509317 99.0
110110000000100010000000001101011000101111110010011111111001110111111100111011111110010111111001000000011111100000001000000000000011111001100111111100100011011110000001110011000001010000000000000 -2.333335301838815 90.0
111110000000101010000000011101011000101111110010011111111001110111111100111011111110010111111111000000011111100000001011100000000111111001100111111100100011111110000001111111000001110010000000011 -2.45833579916507 106.0
111110000000101110000000001101011000101111110010011111111001110111111100111011111110010111111111000010011111000000001011100000000011111001100111111100100011111110000001111111000001110000000000010 -2.4342971998266876 103.0
111110000000101110000000011101011100101111110010011111111001110111111100111011111110010111111111001001011111100000001111100000000111111001100111111100100011111110010001111111001001110000100100011 -2.500002598389983 114.0
111110000000101110000100011101011101101111110010011111111001110111111100111011111110010111111111000011011111100010001010100000000111111001100111111100100011111110010001111111000001110011000000010 -2.491989698726684 113.0
111110000000101010000000011101011000101111110010011111111001110111111100111011111110010111111111000000011111100000001011100000000111111001100111111100100011111110000001111111000001110010100000011 -2.4647460989654064 107.0
110110000000101110000000011101011000101111110010011111111001110111111100111011111110010111111111000010011111100000001001000000000011111001100111111100100011111110000001111111000001110010000000000 -2.427886900026351 102.0
111110000000101110000000011101011000101111110010011111111001110111111100111011111110010111111111000010011111100000001011100000000111111001100111111100100011111110000001111111000001110000100000011 -2.46955379890278 108.0
111110000000101110000000011101011000101111110010011111111001110111111100111011111110010111111111000010011111100000001011100000000111111001100111111100100011111110000001111111000001110010100000011 -2.475964098703116 109.0
111110000000101110000000011101011101101111110010011111111001110111111100111011111110010111111111000010011111100000001011100000000111111001100111111100100011111110010001111111000001110000100000011 -2.4839768987149 111.0
111110000000101110000100011101011100101111110010011111111001110111111100111011111110010111111111000010011111100000001011100000000111111001100111111100100011111110000001111111000001110010000000011 -2.4791691987775266 110.0
111110000000101110000100011101011100101111110010011111111001110111111100111011111110010111111111000010011111100010001011100000000111111001100111111100100011111110010001111111000001110010000000011 -2.4887845986522734 112.0
#
