# Problem = Knapsack
# Variables = 1
# Objectives = 2
10000010010010000001000000000000000000000000000100001000100000000000000010000000000000000000010111010011001110111111110111000111011001011111111011110110111111111110111111010110011100110000000000000000000100000000000000000000000000001000000000000001100010000000000000000000000000000000100001000000000000110000000000000010000000000100010001000100001011001010000000000000 -0.3192944969050586 94.0
10000010010010000001000000000000000000000000000100001000100000001000000010000000000000000000010111010011001110111111110111000111011001011111111011110110111111111110111111010110011100110000000000000000000100000000000000100000000000001000000000000001100000000000000000100000000000000000100001000000000000110000000000000010000000000100010001000100001011001010000000000000 -0.32246479694731534 96.0
10000010010010000000000000000000000000000000000000001000000000000000000000000000000000000000010101000011001110111111110001000111001001011111100011110100111111011110111110010110001100110000000000000000000100000000000000000000000000001000000000000001100000000000000000000000000000000000100001000000000000110000000000000010000000000100010001000100001011001010000000000000 -0.2807979970239103 78.0
10000010010010000000000000000000000000000000000000001000000000000000000000000000000000000000010111000011001110111111110111000111011001011111111011110110111111111110111111010110011100110000000000000000000100000000000000000000000000001000000000000001100000000000000000000000000000000000100001000000000000110000000000000010000000000100010001000100001011001010000000000000 -0.30797199672088027 88.0
11000010010010011001000000000000000100000000000100001000110111001010000010001000100000000000010111010011001110111111110111000111011001011111111011110110111111111110111111010110011100110000000000100001000100000000000000100101010000001000001000000011100010100110000010100000000100000000100001000000000000110000000000000010000000000100010001000100001011001010000000000000 -0.3496387971099466 120.0
10000011010010101011100000001000001000000000000100001000100000001000000010010000100000000000010111010011001110111111110111000111011001011111111011110110111111111110111111010110011100110000000000100001000100000001000000000101010000001000001000000001100010100110000010100000000100000000100001000000000000110000000000000010000000000100010001000100001011001010000000000000 -0.3469213970238343 117.0
11001010010010001001001000000100000000000000010100001000110000001000000010000000000000000000010111010011001110111111110111000111011001011111111011110110111111111110111111010110011100110000000000100001000110000001000000100101010000001000000000000001100010100110000010100000000100000000100001000000000000110000000000000010000000000100010001000100001011001010000000000000 -0.3460155969951302 116.0
10000010010010000001000000000000000000000000000100001000100000001000000010000000000000000000010111010011001110111111110111000111011001011111111011110110111111111110111111010110011100110000000000000001000100000001000000100000000000001000001000000001100000000000000000100000000000000000100001000000000000110000000000000010000000000100010001000100001011001010000000000000 -0.32654089690186083 99.0
10000010010010000000000000000000000000000000000100001000100000001000000010000000000000000000010111010011001110111111110111000111011001011111111011110110111111111110111111010110011100110000000000000000000100000000000000000000000000001000000000000001100000000000000000000000000000000000100001000000000000110000000000000010000000000100010001000100001011001010000000000000 -0.3179357969202101 93.0
10000010010010000000000000000000000000000000000000001000000000000000000000000000000000000000010101010011001110111111110101000111011001011111101011110110111111011110111111010110001100110000000000000000000100000000000000000000000000001000000000000001100000000000000000000000000000000000100001000000000000110000000000000010000000000100010001000100001010001010000000000000 -0.2943849968723953 83.0
10000010010010000000000000000000000000000000000000001000000000000000000000000000000000000000010001000011001110111111110001000111011001011111100011110110111111011110111111010110001100110000000000000000000100000000000000000000000000001000000000000001100000000000000000000000000000000000100001000000000000110000000000000010000000000100010001000100001011001010000000000000 -0.2862327969633043 80.0
10000010010010000000000000000000000000000000000000001000000000000000000000000000000000000000010111010011001110111111110111000111011001011111111011110110111111111110111111010110011100110000000000000000000100000000000000000000000000001000000000000001100000000000000000000000000000000000100001000000000000110000000000000010000000000100010001000100001011001010000000000000 -0.31068939669057727 89.0
10000010010010000001000000000000000000000000000100001000100000001000000010000000000000000000010111010011001110111111110111000111011001011111111011110110111111111110111111010110011100110000000000000001000100000001000000100001010000001000000000000001100010000000000010100000000100000000100001000000000000110000000000000010000000000100010001000100001011001010000000000000 -0.33197569684125483 103.0
10000010010010000001100110000000000000010000010100001000100000001000000010000000000000000000010111010011001110111111110111000111011001011111111011110110111111111110111111010110011100110000000000100001000100000001000000100101010000001000001000000001100010001110000010100000000000000000100001000000000000110000000000000010000000000100010001000100001011001010000000000000 -0.34284529695287347 113.0
11000010010010000001100000000000000000000000000100001000100000001000000010000000000000000000010111010011001110111111110111000111011001011111111011110110111111111110111111010110011100110000000000100001000100000001000000100001010000001000001000000001100010000110000010100000000000000000100001000000000000110000000000000010000000000100010001000100001011001010000000000000 -0.33786339685320854 108.0
11000111010110101001111100001100001101000100010100101000110110001000000010000000101000000000010111010011001110111111110111000111011001011111111011110110111111111110111111010110011100110000000000100001000110000001000000100101010000001000001100000011100010100110000010100000000100000000100001000000000000110000000000000010000000000100010001000100001011001010000000000000 -0.3636786974966526 135.0
11000010010010000001000000000000001000000000000100001000100000001000000010000000000000000000010111010011001110111111110111000111011001011111111011110110111111111110111111010110011100110000000000100001000100000000000000100101010000001000001000000011100000100110000010100000000000000000100001000000000000110000000000000010000000000100010001000100001011001010000000000000 -0.33876919688191265 109.0
10000010010010000000000000000000000000000000000000001000000000000000000000000000000000000000010001010011001110111111110101000011001001001101100010100110111011111010011111010110011100110000000000000000000100000000000000000000000000001000000000000001100000000000000000000000000000000000100001000000000000110000000000000010000000000100010001000100001011001010000000000000 -0.2726457971148193 75.0
10000010010010000001000000000000000000000000000100001000100000001000000010000000000000000000010111010011001110111111110111000111011001011111111011110110111111111110111111010110011100110000000000000001000100000001000000000001010000001000001000000001100010000000000010000000000100000000100001000000000000110000000000000010000000000100010001000100001011001010000000000000 -0.33061699685640633 102.0
10011111011010111011100100001100001101000100110100001000110111001010000010000000100001000000010111010011001110111111110111000111011001011111111011110110111111111110111111010110011100110000000000100001000110000001000000100101010000001000001100000011100010100110000010100000000100000000100001000000000000110000000000000010000000000100010001000100001011001010000000000000 -0.3663960975827649 138.0
10000010010010000001000000000000000000000000000100001000100000001000000010000000000000000000010111010011001110111111110111000111011001011111111011110110111111111110111111010110011100110000000000000000000100000001000000100100000000001000000000000001100000000000000010000000000000000000100001000000000000110000000000000010000000000100010001000100001011001010000000000000 -0.32518219691701233 98.0
10000010010010000000000000000000000000000000000000001000000000000000000000000000000000000000010111000011001110111111110111000111011001011111101011110110111111111110111111010110011100110000000000000000000100000000000000000000000000001000000000000001100000000000000000000000000000000000100001000000000000110000000000000010000000000100010001000100001011001010000000000000 -0.30525459675118327 87.0
10000010010010000000000000000000000000000000000100001000100000001000000010000000000000000000010111010011001110111111110111000111011001011111111011110110111111111110111111010110011100110000000000000000000100000000000000000100000000001000000000000001100010000000000000000000000000000000100001000000000000110000000000000010000000000100010001000100001011001010000000000000 -0.3206531968899071 95.0
10000010010010000000000000000000000000000000000000001000000000000000000000000000000000000000010111010011001110111011110111000111011001011111101010110110111110011110010111010110011100110000000000000000000100000000000000000000000000001000000000000001100000000000000000000000000000000000100001000000000000110000000000000010000000000100010001000100001011001010000000000000 -0.2916675969026983 82.0
10000010010010000000000000000000000000000000000000001000000000000000000000000000000000000000010111010011001110111111110110000111011001011100101010110110111111011110110111010110011100110000000000000000000100000000000000000000000000001000000000000001100000000000000000000000000000000000100001000000000000110000000000000010000000000100010001000100001011000010000000000000 -0.2889501969330013 81.0
10000010010010000001000000000000000000000000000100001000100000000000000010000000000000000000010111010011001110111111110111000111011001011111111011110110111111111110111111010110011100110000000000000001000100000001000000100100000000001000000000000001100000000000000000000000000000000000100001000000000000110000000000000010000000000100010001000100001011001010000000000000 -0.3233705968596041 97.0
10001010010010000001000000000000000000000000000100001000100000001000000010000000000000000000010111010011001110111111110111000111011001011111111011110110111111111110111111010110011100110000000000100001000100000001000000100101000000001000000000000001100010100100000000100000000000000000100001000000000000110000000000000010000000000100010001000100001011001010000000000000 -0.33424019685480744 105.0
10000010010010000001000000000000000000000000000100001000100000001000000010000000000000000000010111010011001110111111110111000111011001011111111011110110111111111110111111010110011100110000000000000000000100000001000000000101000000001000000000000001100010000000000010000000000100000000100001000000000000110000000000000010000000000100010001000100001011001010000000000000 -0.32789959688670933 100.0
10000010010010000000000000000000000000000000000000001000000000000000000000000000000000000000010101000010001110111111110101000011001001011111100011100110111111011110111111010110001100100000000000000000000100000000000000000000000000001000000000000001100000000000000000000000000000000000100001000000000000110000000000000010000000000100010000000100001011001010000000000000 -0.2753631970845163 76.0
10000010010010001001100010000000011000000000010100001000111111001010000010000000001000000001010111010011001110111111110111000111011001011111111011110110111111111110111111010110011100110000000000100001000100000001000000100101010000001000001000000011100010101110000010100000000100000000100001000000000000110000000000000010000000000100010001000100001011001010000000000000 -0.35462069720961154 125.0
10000010010010000001010000000000000000010000000100001000100000001000000010000000000000000000010111010011001110111111110111000111011001011111111011110110111111111110111111010110011100110000000000100001000100000001000000100001000000001000000000000001100010100110000000100000000100000000100001000000000000110000000000000010000000000100010001000100001011001010000000000000 -0.33650469686836004 107.0
10000111010010101011101110000100011000000100100100101000111111001000000011010000100001001011010111010011001110111111110111000111011001011111111011110110111111111110111111010110011100110000000000100001000100000001000000100101010000001000001000000001100010100110000010100000000100000000100001000000000000110000000000000010000000000100010001000100001011001010000000000000 -0.3645844975253567 136.0
11001011010010001001100100000100001001010100010100101000110000001111000011000000011010011001010111010011001110111111110111000111011001011111111011110110111111111110111111010110011100110000000000100001000110000001000000100101010000001000001000000001100010100110000010100000000100000000100001000000000000110000000000000010000000000100010001000100001011001010000000000000 -0.3627728974679485 134.0
11000011010110000001101000001100011101000100010100111000111111101111000011010000110001000001010111010011001110111111110111000111011001011111111011110110111111111110111111010110011100110000000000100001000110000001000000100101010000001000001100000011100010101110000010100000000100000000100001000000000000110000000000000010000000000100010001000100001011001010000000000000 -0.37092509772628546 143.0
10000111011110001011111010000100001101000100010100101000110111101011000011000000100001000001010111010011001110111111110111000111011001011111111011110110111111111110111111010110011100110000000000100001000110000001000000100101010000001000001000000011100010100110000010100000000100000000100001000000000000110000000000000010000000000100010001000100001011001010000000000000 -0.36730189761146903 139.0
11000010010010000001100000000000000000000000000100001000100000001010000010000000000000000000010111010011001110111111110111000111011001011111111011110110111111111110111111010110011100110000000000100001000100000001000000100101000000001000001000000001100010100110000010100000000000000000100001000000000000110000000000000010000000000100010001000100001011001010000000000000 -0.34012789686676115 110.0
10000010010010000000000000000000000000000000000000001000000000000000000000000000000000000000010011010011001110111111110011000011011001011101111010110100111111011110110010010110001100110000000000000000000100000000000000000000000000001000000000000001100000000000000000000000000000000000100001000000000000110000000000000010000000000100010001000100001010001010000000000000 -0.2780805970542133 77.0
10000010010010000000000000000000000000000000000000001000000000000000000000000000000000000000010001000011001100011101110001000011011001001100100010100110111011111110011110010110011000110000000000000000000100000000000000000000000000001000000000000001100000000000000000000000000000000000100001000000000000110000000000000010000000000100010001000100001011001010000000000000 -0.2563413972966373 69.0
10000010010010000000000000000000000000000000000000001000100000000000000010000000000000000000010111010011001110111111110111000111011001011111111011110110111111111110111111010110011100110000000000000000000100000000000000000000000000001000000000000001100000000000000000000000000000000000100001000000000000110000000000000010000000000100010001000100001011001010000000000000 -0.3143125968053937 91.0
10000010010010000000000000000000000000000000000000001000000000000000000000000000000000000000010111010011001110111111110111000111011001011011111011010110111111011110111111010110011100110000000000000000000100000000000000000000000000001000000000000001100000000000000000000000000000000000100001000000000000110000000000000010000000000100010001000100001011001010000000000000 -0.3025371967814863 86.0
10000010010010000000000000000000000000000000000000001000000000000000000000000000000000000000010101010011001110111111110101000111011001011101110010110100111110011110111111010110001100110000000000000000000100000000000000000000000000001000000000000001100000000000000000000000000000000000100001000000000000110000000000000010000000000100010001000100001010001010000000000000 -0.2835153969936073 79.0
10000010010010000000000000000000000000000000000000001000100000000000000010000000000000000000010111010011001110111111110111000111011001011111111011110110111111111110111111010110011100110000000000000000000100000000000000100000000000001000000000000001100000000000000000000000000000000000100001000000000000110000000000000010000000000100010001000100001011001010000000000000 -0.3156712967902422 92.0
10000010010010000000000000000000000000000000000000001000000000000000000000000000000000000000010000000011001110011011010001000011011001001100100010110100011011011110010010000110001100110000000000000000000100000000000000000000000000001000000000000001100000000000000000000000000000000000100001000000000000110000000000000010000000000100000000000100001010001010000000000000 -0.23097899742424488 60.0
10000010010010000000000000000000000000000000000000001000000000000000000000000000000000000000010011010011001110111111110111000011011001011111111011110110111111011110111011010110001100110000000000000000000100000000000000000000000000001000000000000001100000000000000000000000000000000000100001000000000000110000000000000010000000000100010001000100001011001010000000000000 -0.2971023968420923 84.0
11000011011010001001100100000000001000000000010100001000100100001010000010000000000000000000010111010011001110111111110111000111011001011111111011110110111111111110111111010110011100110000000000100001000100000001000000100101010000001000001100000011100010100110000010100000000100000000100001000000000000110000000000000010000000000100010001000100001011001010000000000000 -0.3509974970947951 121.0
10001110011010011001101010000000010001000100110100101000110111001010000011000000000001000000010111010011001110111111110111000111011001011111111011110110111111111110111111010110011100110000000000100001000110000001000000100101010000001000001000000001100010100110000010100000000100000000100001000000000000110000000000000010000000000100010001000100001011001010000000000000 -0.3600554973818362 131.0
10011111011110101011110100001100011101000100110100101000110111101111000011000000101001001011010111110011001110111111110111000111011001011111111011110110111111111110111111010110011100110000000000100001000110000001000000100101010000001000001100000001100010100110000010100000000100000000100001000000000000110000000000000010000000000100010001000100001011001010000000000000 -0.375454097869806 149.0
10000010010010000000000000000000000000000000000000001000000000000000000000000000000000000000010001000011000110011111010001000011011001001100100010100110111111011110011110010110001000010000000000000000000100000000000000000000000000001000000000000001100000000000000000000000000000000000100001000000000000110000000000000010000000000100010000000100001011001010000000000000 -0.2481891973875463 66.0
10001011010010101001110000000100011101010100110100111000100111111111000010010000101001000011010111010011001110111111110111000111011001011111111011110110111111111110111111010110011100110000000000100001000110000001000000100101010000001000001100000011100010100010000010100000000100000000100001000000000000110000000000000010000000000100010001000100001011001010000000000000 -0.36956639774143696 142.0
10000010010010000000000000000000000000000000000000001000000000000000000000000000000000000000010010000010001110111111110000000011011001001100100010100110111011011110011110010110001100010000000000000000000100000000000000000000000000001000000000000001100000000000000000000000000000000000100001000000000000110000000000000010000000000100010001000100001011001010000000000000 -0.2536239973269403 68.0
10000010010010000000000000000000000000000000000000001000000000000000000000000000000000000000010010000011001110111111110000000011011001001100100010100110101011011110110010010110001100010000000000000000000100000000000000000000000000001000000000000001100000000000000000000000000000000000100001000000000000110000000000000010000000000100010001000100001011001010000000000000 -0.2509065973572433 67.0
10000010010010000000000000000000000000000000000000001000000000000000000000000000000000000000010000000010001100111111110001000011001001001101100010110100111011011110011110010110001000010000000000000000000100000000000000000000000000001000000000000001100000000000000000000000000000000000100001000000000000110000000000000010000000000100000001000100001011001010000000000000 -0.2454717974178493 65.0
10000011010010100011110000000100011100010100000100101000100011001011000010000000101001001001010111010011001110111111110111000111011001011111111011110110111111111110111111010110011100110000000000100001000110000001000000100101010000001000001100000011100010100110000010100000000100000000100001000000000000110000000000000010000000000100010001000100001011001010000000000000 -0.3618670974392444 133.0
11000010010010101001000010000100000001000100000100101000100011001001000010010000100000001000010111010011001110111111110111000111011001011111111011110110111111111110111111010110011100110000000000100001000100000001000000100101010000001000001000000011100010100110000010100000000100000000100001000000000000110000000000000010000000000100010001000100001011001010000000000000 -0.35371489718090743 124.0
10000110011010011001100110000100000001000100100100101000100111101011000010000000001000001000010111010011001110111111110111000111011001011111111011110110111111111110111111010110011100110000000000100001000110000001000000100101010000001000001100000011100010100110000010100000000100000000100001000000000000110000000000000010000000000100010001000100001011001010000000000000 -0.3609612974105403 132.0
11000010010010001001100110000100000000000100000100001000111011001000000010010000100000001000010111010011001110111111110111000111011001011111111011110110111111111110111111010110011100110000000000100001000100000001000000100101010000001000001000000001100010100110000010100000000100000000100001000000000000110000000000000010000000000100010001000100001011001010000000000000 -0.3528090971522033 123.0
10001111011010101011110000001100011101010100110100101000110111101111000011000000101001001011010111010011001110111111110111000111011001011111111011110110111111111110111111010110011100110000000000100001000110000001000000100101010000001000001100000011100010100110000010100000000100000000100001000000000000110000000000000010000000000100010001000100001011001010000000000000 -0.3745482978411019 147.0
10000010010010000000000000000000000000000000000000001000000000000000000000000000000000000000010011010011000110111111010001000011011001011101110010110100111111011110111010010110001000110000000000000000000100000000000000000000000000001000000000000001100000000000000000000000000000000000100001000000000000110000000000000010000000000100010001000100001010001010000000000000 -0.2672109971754253 73.0
10000010010010000000000000000000000000000000000000001000000000000000000000000000000000000000010000000010001100011111110001000011001001001100100010110100001011011110110010010110001100010000000000000000000100000000000000000000000000001000000000000001100000000000000000000000000000000000100001000000000000110000000000000010000000000100000000000100001010001010000000000000 -0.22826159745454788 59.0
10011111011010101011110100001101011101010100110100111000110111111111000011000000111001000011010111110011001110111111110111000111011001011111111011110110111111111110111111010110011100110001000000100001000110000001000000100101010000001000001100000011100010100010000010100000000100000000100001000000000000110000000000000010000000000100010001000100001011001010000000000000 -0.3768127979710698 153.0
11001111011010101011111000001100001101010100110100101000110110101111000010000000101000001001010111010011001110111111110111000111011001111111111011110110111111111110111111010110011100110000000000100001000110000001000000100101010000001000001100000011100010100110000010100000000100000000100001000000000000110000000000000010000000000100010001000100001011001010000000000000 -0.37183089775498956 145.0
10000010010010000000000000000000000000000000000000001000000000000000000000000000000000000000010101010011001110011111110111000011001001011111100001110100111111011010011101000110001100110000000000000000000100000000000000000000000000001000000000000001100000000000000000000000000000000000100001000000000000110000000000000010000000000100000001000100001011001010000000000000 -0.2699283971451223 74.0
11000110010010010001100000000100010001000000110100001000110111101011000010000000101000010001010111010011001110111111110111000111011001011111111011110110111111111110111111010110011100110000000000100001000100000001000000100101010000001000001100000001100010100110000010100000000100000000100001000000000000110000000000000010000000000100010001000100001011001010000000000000 -0.35914969735313207 130.0
10000010010010000001000000000000000000000000000100001000100000001000000010000000000000000000010111010011001110111111110111000111011001011111111011110110111111111110111111010110011100110000000000100001000100000001000000100001000000001000000000000001100010000000000000100000000000000000100001000000000000110000000000000010000000000100010001000100001011001010000000000000 -0.32925829687155783 101.0
10010010010010100011000100000000001000000000010100001000111100001000000010000000000000000000010111010011001110111111110111000111011001011111111011110110111111111110111111010110011100110000000000100001000100000001000000100101010000001000001000000011100010100110000010100000000000000000100001000000000000110000000000000010000000000100010001000100001011001010000000000000 -0.3478271970525384 118.0
10001011010010111011100100000000000001000000010100001100100011001110000010000000001000000001010111010011001110111111110111000111011001011111111011110110111111111110111111010110011100110000000000100001000110000001000000100101010000001000001100000001100010100110000010100000000100000000100001000000000000110000000000000010000000000100010001000100001011001010000000000000 -0.35733809729572386 128.0
10010111011110101011110100001100011101010100110100101000110111101111000011000000101001001011010111010011001110111111110111000111011001011111111011110110111111111110111111010110011100110000000000100001001110000001000000100101010000001000001100000011100010100110000010100000000100000000100001000000000000110000000000000010000000000100010001000100001011001010000000000000 -0.3763598978985101 150.0
10001111011010101011110000001100011101000100110100101000110111101111000011000000101001001011010111110011001110111111110111000111011001011111111011110110111111111110111111010110011100110000000000100001000110000001000000100101010000001000001100000001100010100110000010100000000100000000100001000000000000110000000000000010000000000100010001000100001011001010000000000000 -0.37273669778369367 146.0
11000111010110101011111100001100001101010100110100101000110110001100000011000000101000000010010111010011001110111111110111000111011001011111111011110110111111111110111111010110011100110000000000100001000110000001000000100101010000001000001100000011100010100110000010100000000100000000100001000000000000110000000000000010000000000100010001000100001011001010000000000000 -0.36911349766887724 141.0
10000010010010000000000000000000000000000000000000001000000000000000000000000000000000000000000100000010001100111111110001000111001001001110110011110110111111011010111101010110001100110000000000000000000100000000000000000000000000001000000000000001100000000000000000000000000000000000100001000000000000110000000000000010000000000100000001000100001011001010000000000000 -0.2644935972057283 72.0
10000010010010000000000000000000000000000000000000001000000000000000000010000000000000000000010111010011001110111111110111000111011001011111111011110110111111111110111111010110011100110000000000000000000100000000000000000000000000001000000000000001100000000000000000000000000000000000100001000000000000110000000000000010000000000100010001000100001011001010000000000000 -0.3125009967479855 90.0
10000010010010000000000000000000000000000000000000001000000000000000000000000000000000000000010111010011001100111110110111000111011001011111110011110110111111111110011111010110011100110000000000000000000100000000000000000000000000001000000000000001100000000000000000000000000000000000100001000000000000110000000000000010000000000100010001000100001011001010000000000000 -0.2998197968117893 85.0
10000010010010000000000000000000000000000000000000001000000000000000000000000000000000000000010010010011001110111111010001000011001001001101101010100110111111011110111100000110011100110000000000000000000100000000000000000000000000001000000000000001100000000000000000000000000000000000100001000000000000110000000000000010000000000100000000000100001010001010000000000000 -0.2590587972663343 70.0
10010010010010000011100100000000001000000000010100001000110000001000000010000000000000000000010111010011001110111111110111000111011001011111111011110110111111111110111111010110011100110000000000100001000100000001000000100101010000001000001000000001100010100110000010100000000000000000100001000000000000110000000000000010000000000100010001000100001011001010000000000000 -0.3451097969664261 115.0
10000010010010000000000000000000000000000000000000001000000000000000000000000000000000000000000001000011001100111111010001000011001001001100110010100100101011011110011111000110001000110000000000000000000100000000000000000000000000001000000000000001100000000000000000000000000000000000100001000000000000110000000000000010000000000100000001000100001011001010000000000000 -0.2427543974481523 64.0
10000010010010000000000000000000000000000000000000001000000000000000000000000000000000000000000000000010001100111111110001000011001001000101100010110110101011011110011111000110001000110000000000000000000100000000000000000000000000001000000000000001100000000000000000000000000000000000100001000000000000100000000000000010000000000100000001000100001011001010000000000000 -0.2400369974784553 63.0
10000010010010000000000000000000000000000000000000001000000000000000000000000000000000000000010011010010001110011111110001000011011001011100111010100110111110011010111100000110001100110000000000000000000100000000000000000000000000001000000000000001100000000000000000000000000000000000100001000000000000110000000000000010000000000100010000000100001011001010000000000000 -0.2617761972360313 71.0
10000111011010001001001010000100000000000100000100101000110011001010000010000000000001000001010111010011001110111111110111000111011001011111111011110110111111111110111111010110011100110000000000100001000110000001000000100101010000001000001000000011100010100110000010100000000100000000100001000000000000110000000000000010000000000100010001000100001011001010000000000000 -0.35552649723831564 126.0
11001010010010000001000000000000000000000000000100001000100000001000000010000000000000000000010111010011001110111111110111000111011001011111111011110110111111111110111111010110011100110000000000100001000100000001000000100101010000001000001000000001100010100110000010100000000100000000100001000000000000110000000000000010000000000100010001000100001011001010000000000000 -0.34193949680775404 111.0
10000111011110001011111110001100001101000100110100101000110110101001000011000000101000000010010111010011001110111111110111000111011001011111111011110110111111111110111111010110011100110000000000100001000110000001000000100101010000001000001000000011100010100110000010100000000100000000100001000000000000110000000000000010000000000100010001000100001011001010000000000000 -0.36820769764017314 140.0
10000010010010000000000000000000000000000000000000001000000000000000000000000000000000000000000000000011000110111110010001000011001001001100110010100110111011011110011110000110001000110000000000000000000100000000000000000000000000001000000000000001100000000000000000000000000000000000100001000000000000100000000000000010000000000100010000000100001011001010000000000000 -0.2373195975087583 62.0
10000010000010000000000000000000000000000000000000001000000000000000000000000000000000000000000000000010001100001101010001000011011001001000100010100100111010011010011100000100011100010000000000000000000100000000000000000000000000001010000000000001100000000000000000000000000000000000100001000000000000110000000000000010000000000100000000000100001011001010000000000000 -0.2105984976515174 54.0
10000010010010000000000000000000000000000000000000001000000000000000000000000000000000000000000000000010001110111111110000000011001001001100100010100110111011011110010111000110001000110000000000000000000100000000000000000000000000001000000000000001100000000000000000000000000000000000100001000000000000100000000000000010000000000100000001000100001010001010000000000000 -0.2346021975390613 61.0
10000010010010000000000000000000000000000000000000001000000000000000000000000000000000000000000000000010001000011001010000010011001001001100100010100100111010011010011100000100001100010000000000000000000100000000000000000000000000001000000000000001100000000000000000000000000000000000100000000000000000110000000000000000000000000100000000000100001010001010000000000000 -0.19474699813872576 49.0
10000010010010000000000000000000000000000000000000001000000000000000000000000000000000000000000000000010001100011011110000000011001001001100100010110100001011011010111010010110001100010000000000000000000100000000000000000000000000001000000000000001100000000000000000000000000000000000000001000000000000110000000000000010000000000100000000000100001010001010000000000000 -0.21558039775118232 55.0
10001010010010000001011010000100000000000000000100001000111011001000000011000000000000000000010111010011001110111111110111000111011001011111111011110110111111111110111111010110011100110000000000100001000100000001000000100101010000001000001000000001100010100110000010100000000100000000100001000000000000110000000000000010000000000100010001000100001011001010000000000000 -0.3491858970373869 119.0
11000010010010000001100110000100001000000000000100001000110011001010000010000000000000000001010111010011001110111111110111000111011001011111111011110110111111111110111111010110011100110000000000100001000100000001000000100101010000001000001100000011100010100110000010100000000100000000100001000000000000110000000000000010000000000100010001000100001011001010000000000000 -0.3519032971234992 122.0
11010011010110101011101100001100011101000100110100111000111111101111000011010000111001001011010111110011001110111111110111000111011001011111111011110110111111111110111111010110011100110000000000100001000110000001000000100101010000001000001100000011100010101010000010100000000100000000100101000000000000110000000000000010000000000100010101000100001011001010000000000000 -0.3777185979997739 154.0
10001010010010000001000000000000000000000000000100001000100000001000000010000000000000000000010111010011001110111111110111000111011001011111111011110110111111111110111111010110011100110000000000100001000100000001000000100001000000001000000000000001100010100110000000100000000100000000100001000000000000110000000000000010000000000100010001000100001011001010000000000000 -0.33559889683965594 106.0
10000010010010000000000000000000000000000000000000001000000000000000000000000000000000000000000000000010000110111011110001000011001001001100100010100110111011011110010010010110001000010000000000000000000100000000000000000000000000001000000000000001100000000000000000000000000000000000100001000000000000100000000000000010000000000100000000000100001010001010000000000000 -0.2237325976602733 57.0
10000010010010000000000000000000000000000000000000001000000000000000000000000000000000000000000000000010001000010011010000000011000001001000100010100100111010011010011100000100001100010000000000000000000100000000000000000000000000001000000000000001100000000000000000000000000000000000100001000000000000110000000000000000000000000100000000000100001010001000000000000000 -0.18704769806936383 46.0
10000010010010000000000000000000000000000000000000001000000000000000000000000000000000000000000000000010001000011001010001000011001001001100100010100110111010011010011000010110001100010000000000000000000100000000000000000000000000001000000000000001100000000000000000000000000000000000100001000000000000100000000000000000000000000100000000000100001010001010000000000000 -0.20606949785724282 51.0
10000010010010000000000000000000000000000000000000001000000000010000000000000000000000000000010100000010001100011101010000000111001001010100100001100100111010011010011100000100001100000000000000000000000100000000000000000000000000001000000000000001100000000000000000000000000000000000100001000000000000110000000000000010000000000100000000000100001011001010000000000000 -0.21784489776473492 56.0
#
