# Problem = Knapsack
# Variables = 1
# Objectives = 2
110001100001111011111110001011010000000000000000001100011010000100100000111100000101001100011101000000111000111110101110000001010010001100011101010011000100011111001100100011110000011001011110000111110011100010001001101101100001100100000110111100000010000000000100100101101010010011010011111011110001100010010000010011010010000101100000010110010110000011010000010001000010001010000111010001010001000001001111110000100011010101000000110111010000000000000010000101110011110100010010010000000100001010010010000000100010100111010010011010000010001110110010101001010100011110101100100011000000000101000000000010110110100100000010 -1.2080453000962734 241.0
000000000000000000000000000000000000000000000000000000000000000000000000000000000000000000000000000000000000000000000000000000000000000000000000000000000000001000000000000000000000000000000000000000000000000000000000000000000000000000000000000000000000000000000000000000000000000000000000000000000000000000000000000000000000000000000000000000000000000000000000000000000000000000000000000000000000000000000000000000000000000000000000000000000000000000000000000000000000000000000000000000000000000000000000000000000000000000000000000000000000000000000000000000000000000000000000000000000000000000000000000000000000000000000000 -0.02987629920244217 1.0
000000000000000000001000000000000000000000000000000000000000000000000000000000000000000000000000000000000000000000000000000000000000000000000000000000000000000000000000000000000000000000000000000000000000000000000000000000000000000000000000000000000000000000000000000000000000000000000000000000000000000000000000000000000000000000000000000000000000000000000000000000000000000010000000000000000000000000000000000000000000000000000000000000000000000000000000000000000000000000000000000000000000000000000000000000000000000000000000000000000000000000000000000000000000000000000000000000000000000000000000000000000000000000000000 -0.05320600047707558 2.0
000000000000000000000000000000000000000000000000000000000000000000000000000000000000000000000000000000000000000000000000000000000000000000000000000001000000000000000000000000000000000000000000000000000000000000000000000000000000000000000000000000000000000000000000000100000000000000000000000000000000000000000000000000000000000000000000000000000000000000000000000000000000000000000000000000000000000000000000000000000000000000000000000000000000000000000000000000000000001000000000000000000000000000000000000000000000000000000000000000000000000000000000000000000000000000000000000000000000000000000000000000000000000000000000 -0.07346080243587494 3.0
000001000000000000000000000000000000000000000000000000000000000000000000000000000000000000000000000000000000000000000000000000000000000000000000000000000000000000000000000000000000000100000100000000000000000000000000000000000000000000000000000000000000000000000000000000000000000000000000000000000000000000000000000000000000000000000000000000000000000000000000000000000000000000000000000000000000000000000000000000000000000000000000000000000000000000000000000000000000000000000000000000000000000000000000000000000000000000000000000001000000000000000000000000000000000000000000000000000000000000000000000000000000000000000000 -0.09370159916579723 4.0
000000000000001100000000000000000000000000000000000000000000000000000000000000000000000000000000000000000000000000000000000000000000000000000000000000000000000000000000000000000000000100000000000000000000000000000000000000000000000000000000000000000000000000000000000000000000000000000000000000000000000000000000000000000000000000000000000000000000000000000000000000000000000000000000000000000000000000000000000000000000000000000000000000000000000000000000000000000000000000000000000000000000000000000000000000000000000000000000000000000000000010000000000000000000001000000000000000000000000000000000000000000000000000000000 -0.14377780072391033 5.0
000000000000000100000000000000000000000000000000000000000000000000000000000000000000000000001000100000000000000000000000000000000000000000000000000000000000000000000000000000000001000000000000000000000000000000000000000000000000000000000000000000000000000000000000000000000000000000000000000000000000000000000000000000000000000000000000000000000000000000000000100000000000000000001000000000000000000000000000000000000000000000000000000000000000000000000000000000000000000000000000000000000000000000000000000000000000000000000000000000000000000000000000000000000000001000000000000000000000000000000000000000000000000000000000 -0.16163859888911247 7.0
000000000000000000000000000000000000000000000000000000000000000000000000000000000000000000000000000000000000000000000000000000000000000000000000000001000000000000000000000000000000000100000000000000000000000000000000000000000000000000000000000000000000000000000000000000000000000000000000000000000000000000000000000000000000000000000000000000000000000000000000000000000000000000000000001000000000000000000000000000000000000000000000000000000000000000000000000000000000001000000000000000000000000000000000000000000000000000000000000000000000000100000000000000000000001000000100000000000000000000000100000000000000000000000000 -0.17742360197007656 8.0
000000000000000100000000000000000000000000000000000000000000000000000000000000000000000000000000000000000000000000000000000000000000001010000000000000000000000000000000000000000000001000000000000000000000000000000000000000000000000000000000000000000000000000000000000000000000000000000000000000000000000000000000000000000000100000000000000000000000000000000000000000000000001000000000000000000000000000000000000000000000000000000000000100000000000000000000000000000000001000000000000000000000000000000000000000000000000000000000000000000000001000000000000000000000000000000000000000000000000000000000000000000000000000000000 -0.22003650292754173 9.0
000000000000000100000000000000000000000000000000000000000000010000000000000000000000001000000000100000000000000000000000100000000000000010000000000000000000000000000000000000000000000000000000000000000000000000010000000000000000000000000000000000000000000000000000000000000000000000000000000000000000000000000000000000000000000000000000000000000000000000000000000000000000001000000000000000000000000000000000000000000000000000000000000000000000000000000000000000000000001000000000000000000000000000000000000000000000000000000000000000000000000000000000000001000000000000000000000000000000000000000000000000000000000000000000 -0.2342969998717308 10.0
000000000000000100000000000000000000000000000000000000000000000000000000000000000000000000000000100000000000000000000000000000000000000000000000000001000000000000000000000000000000001000000000000000000000000000000000000000000000000000000010000000000000000000000000000000000000000000000000000000000000000000000000000000000000000000000000000000000000000000000000000000000000000000000000000000000100000000000000000000000001000000000000000000000000000000000000000000000000001000000000000000000000000000000000000000000000000000000000000000000000000100000000000001000000001000000000000000000000000000000000000000000000000000000000 -0.24672990292310715 11.0
000000000000000100000000000000000000000000000000000000000000000000000000000000000000000010000000100000000000000000000000000000000000001010000000000000000000000000000000000000000000001000000000000000000000000000000000000000000000000000000000000000000000000000000000000000000000000000000000000000000000000000000000000000000000000000000000000000000000000000000001000000000000001000000000000000000000000000000000000000000000000000000000000000000000000000000000000000000000001000000000000000000000000000000000000000000000000000000000000000000000001010000100000000000000000000000000000000000000000000000000000000000000000000000000 -0.30382390320301056 12.0
000000000000001100000000000000000000000000000000000000000000000000000000000000000000000000000000100000000000000000000000000000000000001010000000000001000000000000000000000000000000001000000000000000000000000000000000000000000000000000000000000000000000000000000000000000000000000000000000000000000000000000100000000000000000000000000000000000000000000000000000000000000000001000000000000000000000000000000000000000000000000000000000000000000000000000000000000000000000001000000000000000100000000000000000000000000000000000000000000000000000001000000000000000000000000000000100000000000000000000000000000000000000000000000000 -0.346388703212142 13.0
000000000000000100000000000000000000000000000000000000000000000000000000000001000000000000000000100000000000000000000000000000000000001010000000000001000000000000000000000000000000001000000000000000000000100000000000000000000000000000000000000000000000000000000000000000000000000000000000000000000000000000000000000000000000000000000000000000000000000000000000000000000000001000001100000000000000000000000000000000000000000000000000000000000000000000000000000000000000000000000000000000000000000000000000000000000000000000000000000000000000001010000000000000000100000000000000000000000000000000000000000000000000000000000000 -0.351374002173543 14.0
000000000000000100000000000000000000000000000000000000000000001000000000000000000000000000000000100000000000000000000000000000000000001010000000000000000000000000001000000000000000001000000000000000010000000000000000000000000000000000000000000000000000000000000010000000000000000000000000000000000001000000000000000000000000000000000000000000000000000000000000000001000000001000000000000000000000000000000000000000000000000000000000000000000000000000000000100000000000001100000000000000000000000000000000000000000000000000000000000000000000001000000000000000000000000000000000000000000000000000000000000000000000000000000000 -0.3526549022644758 16.0
100000000000000100000000000000000000000000000000000000000000000000000000000000000000000000000100100000000000000000000100000000000000001010000000000001000000000000000000000000000000001000000000000000000000000000000000000000000000000000000000000000000000000000000000000000000000000000000000000000000000000000000000000000000000000000000000000000000000000000000000000000000000001000000001000000000000000000000000000000000000000000000000000100000000000000000000000000000000001000001010000000000000000000000000000000000000000000000000000000000000001000000000000000000000000000000100000000000000000000000000000000000000000000000000 -0.4141948036849499 17.0
000000000001000100000000000000000000000000000000000000000000000000000000000000000000000010000000000000000000000000000000000000000000001010000000000000000000000100001000000000000000001000000000000000000000000000000000000000000000000000000000000000000000000000000000000000000000000000000000000000000000000000000000000000000000000000000000000000000000000000000001000001000000001000000000000000000000000000000000000000000000000000000000000000000000000000000000100000000000001100000000000000000000000000000000000000000000000000000000000001000000001010000000000000000000000000000100000000000000000000000000000000000000000000000000 -0.4262482039630413 18.0
100000000000000100000000000000000000000000000000000000000000000000000000000000000000000000000100100000000000000000000100000000000000001010000000000000000000000000000000000000000000000000000000000000000000000000000000000000000000000000000000000000000000000000000000000000000000000000000000000000000000000000000000000000000000000001000000000000000000000000000000000000000000001000000001000000000000000000000000000000000000000000000000000000000000000000000000100000000000001000001000000000000000000000000000000000000000000000000000000000000000001010000000100000000000000000001100000000000000000000000010000000000000000000000000 -0.4577338043600321 19.0
100000000000000100000000000000000000000000000000000000000000000000000000000000000000000000000100100000000000000000000100000000000000001010000000000001000000000000000000000000000000001000000000000000000000000000000000000000000000000000000000000000000000000000000000000000000000000000000000000000000000000000000000000000000000000001000000000000000000000000000000000000000000001000000001000000000000000000000000000000000000000000000000000000000000000000000000100000000000001000001010000000000000000000000000000000000000000000000000000000000000001000000000100000000000000000001100000000000000000000000000000000000000000000000000 -0.5008751042187214 20.0
100000000000000000000000000000000000000000000000000000000000000000000000000000000000000100000100100000000000000000000000000000000000001010000000000001000000001000000000000000000000000000000000000000000000000000000000000000000000000000000000000000000000000010000000000000000000000000000000000000000000000000000000000000000000000001000000000000000000000000000001000000000000001000000100000000000000000000000000000000000000000000000000000000000000000000000000100000000000001000001000000000000000000000000000000000000000000000000000000000000000001010000000100000000000000000001100000000000000000000000010000000000000000000000000 -0.5285637024790049 22.0
100000000000000000000100000000000000000000000000000000000000000000000000000000000000001000000100100000000000000000001100000000000000000010000000000000000000010000000100000000000000000000000000000000000000000000000000000000000000000000000000000000000000000000000000000000000000000000000000000000000000000000000000000000000000000000000000000000000000000000000000100000000000001001000100000000000000000000000000000000000000000000000000000000000000000000000000100000000000001000001000000000000000000000000000000000000000000000000000000000000000001010000000100001000000000000001100000000000000000000000010000000000000000000000000 -0.5754787027835846 24.0
100001000000001100000000000000000000000000000000000000000000000000000000000000000000001000010000000000000000000100000100000000000000001010000000000001000000000000000000000000000000001000000100000000000000000000000000000000000000000010000000000000000000000000000000000000000000000000000000000000000000000000000000000000000000000000000000000000000000000000000000100000000000001000000100000000000000010000000000001000000000000000000000000000000000000000000000100000000000001000001000000000000000000000000000000000000000000000000000000000000000001010000000100000000000000000000100000000000000000000000000000000001000000000000000 -0.6333486046642065 27.0
100000000000001000001100000000000000000000000000000000000000000000000000000100000000001100000101100000000000000000001000000000000000000010000000000000000000001000000100000000000000000000000000000000000000000000000000000000000000000000000000001000000000000010000000000000000000000000000000000000000000000000000000000000000000000000000000000000000000000000000000100000000000000010000100000000000000000000000000000000000000000000000000000000000000000000000000100001000000001000001000000000000000000000000000000000000000000000000000000000000000001010000000100001000000000000001100000000000000000000000010000000000000000000000000 -0.6908431015908718 30.0
100001000000001000000100000000000000000000000000000000000000000000000000000000000000001100000001100000000000001000000000000000000000000010000000000000000000001000000000000000000000001000000000000000000000000000000000000000000000000000001000000000000000000000000000000000000000000000000000000000000000000000000000000000000000000000000000000000000000001000000000100001000000001000000100000000000000010000000000000000000000000000000000000000000000000000000000100000010000001100001000000000000000000000001000000000000000000000000000000001000000001010000000100001000000001000000100000000000000000000000010000000000010000000000000 -0.7579776011407375 34.0
100001000000001000000100000000000000000000000000000000000000000000000000000000000000001100000000100000000000001000001000000000000000000010000000000000000000001000000000000001000010001000000100000000000000000000000000000000000000000000001000000000000000000000000000000100000000000000000000000000000000000000000000000000000000000000000000010000000000000000000010100001000000001000000100000000000000010000000010000000000000000000000000000000000000000000000000100000000000001000001000000000000000000000001000000000000000000000000000000001000000001010000000100001000000001000000100000000000000000000000000000000010010000000000000 -0.8037410005927086 38.0
100000010010001100001100000000000000000000000010000000000000000000000000000000000000000100001100100000000000000000000000100000000000001010000010000001000000001100000000000000000000001100001000000000000000000000000000000000000000000000000000000000000000000010000000000000000001000000000000000000000000000000000000000000000000000001000000000000000000000001000001100001000000001110000100000000000000000000000000000000000000000000000000000000000000000000000000100000000001001000001000000000000000000000000000000000000000000000000000100000000000001010000000100000000000000000011100000000000000000000000010000000000000000000000000 -0.9186518974602222 45.0
100000000010001100001100000000000000000000000010000000000000000000000000000000000000001100001000100001000000001000000000100000000000001000000010010001000000001100000000000000000000001100011100000000000000000000000000000000000000000000010000010000000000000000000000000000000001000000000000000000000000000000000000000001000000000000000010000000000000000001000000100001000000001110000100000000000000000000000000000000100000000001000000000010000000000000010000100001000001001000001100000000000100000000000000000000000000000000000000100001000000001010000000100001000000000000010100000000000000000000000010001000001010000000000000 -1.0553318001329899 60.0
#
