# Problem = Knapsack
# Variables = 1
# Objectives = 2
101000000000000100001101000001000010111110000000011010000001100010000011010000101100010010110000001100010000000000001000101100100010010010010101011001011000001010000001000000000000001100010101001000000100100000111000000010001101010111010011111101101000011010000000001000100100101011000001000110010110001101000000000110000110111001001110101010000010100110010001000000001100111000000010100000011100000000000000110100001010101001100000010010011110100010001000011101110010000000101010000100100000101001100000010001001010000010001110000001000010000000001000001000101000100010010000010100000101100000000011010001000000000001100000 -1.2552095013670623 191.0
000000000000000000000000000000000000000000000000010000000000000000000000000000000000000000000000000000000000000000000000000000000000000000000000000000000000000000000000000000000000000000000000000000000000000000000000000000000000000000000000000000000000000000000000000000000000000000000000000000000000000000000000000000000000000000000000000000000000000000000000000000000000000000000000000000000000000000000000000000000000000000000000000000000000000000000000000000000000000000000000000000000000000000000000000000000000000000000000000000000000000000000000000000000000000000000000000000000000000000000000000000000000000000000000 -0.041666701436042786 1.0
000000000000000000000000000000000000000000000000000000000000000000000000000000000000000000000000000000000000000000000000000000000000000000000000000000000000000000000000000000000000000000000000000000000000000000000000000000000000000000000000000000000000000000000000000000000000000000000000000000000000000000000000000000000000000000000000000000000000000000000000000000000000000000000000000000000000000000000000000000000000000000000000000000000000000000000000000000000000000000000000000000000000000000000000000000000000000000000000000000000000000000000000000000000000000000000000000000000000000000000000000000000000000000000000 0.0 0.0
000000000000000000000000000100000000000000000000000000000000000000000000000000000000000000000000000000000000000000000000000000000000000000000000000000000000000000000000000000000000000000000000000000000000000000000000000000000000000000000000000000000000000000000000000000000100000000000000000000000000000000000000000000000000000000000000000000000000000000000000000000000000000000000000000000000000000000000000000000000000000000000000000000000000000000000000000000000000000000000000000000000000000000000000000000000000000000000000000000000000000000000000000000000000000000000000000000000000000000000000000000000000000000000000 -0.05208340100944042 2.0
000000000000000000000000000000000000000000000000000000000000000000100001000000000000000000000000000000000000000000000000000000000000000000000000000000000000000000000000000000000000000000000000000000000000000000000000000000000000000000000000000000000000000000000000000000000100000000000000000000000000000000000000000000000000000000000000000000000000000000000000000000000000000000000000000000000000000000000000000000000000000000000000000000000000000000000000000000000000000000000000000000000000000000000000000000000000000000000000000000000000000000000000000000000000000000000000000000000000000000000000000000000000000000000000 -0.08333340287208557 3.0
000000000000000000000000000000000000000000000000000000000000000000000011000000000000000000000000000000000000000000000000000000000000000000000000000000000000000000000000000000000000000000000000000000000000000000000000000000000000000000000000000000000000000000000000000000000000000000000000000000000000000000000000000000000000000000000000000000000000000000000000001000000000001000000000000000000000000000000000000000000000000000001000000000000000000000000000000000000000000000000000000000000000000000000000000000000000000000000000000000000000000000000000000000000000000000000000000000000000000000000000000000000000000000000000 -0.12500010430812836 5.0
000000000000000000000000000000000000000000000000000000000000000000000001000000000000000000000000000000000000000000000000000000000000000000000000000000000000000000000000000000000000000000000000000000000000000000000000000000000000000000000000000000000000000000000000000000000000000000000000000000000000000000000000000000000000000000000000000000000000000000000000000000000000001000000000000000000000000000000000000000000000000000000000000000000000000000000000000000000000000000000000000000000010000000001000000000000000000000000000000000000000000000000000000000000000000000000000000000000000000000000000000000000000000000000000 -0.10937510244548321 4.0
000000000000000000000000000000000000000000000000010000000000000000000010000000000000000000000000000100000000000000000000000000000000000000000000000000000000000000000000000000000000000000000000000000000000000000000000000000000000000000000000000000000000000000000000000000000100000000000000000000000000000000000000000000000000000000000000000000000000000000000000000000000000001000000000000000000000000000000000000000000000000000000000000000000000000000000000000000000000000000000100000000000000000000000000000000000000000000000000000000000000000000000000000000000000000000000000000000000000000000000000000000000000000000000000 -0.19791680574417114 6.0
000000000000000000000000000000000000000000000000010000000000000000000011000000000000000000000000000100000000000000000000000000000000000000000000000000000000000000000000000000000000000000000000000000000000000000000000000000000000000000000000000000000000000000000000000000000000000000000000000000000000000000000000000000000000000100000000000000000000000000000000000000000000001000000000000000000000000000000000000000000000000000000000000000000000000000000000000000000000000000000100000000000000000000000000000000000000000000000000000000000000000000000000000000000000000000000000000000000000000000000010000000000000000000000000 -0.23958350531756878 8.0
000000000000000000000000000000000000000000000000010000000000100000000010000000000000000000000000000000000000000000000000000000000000000000000000000000000000000000000000000000000000000000000000000000000000000000000000000000000000000000000000000001001000000000000000000000000100000000000000000000000000000000000000000000000000000000000000000000000000100000000000000000000000001000000000000000000000000000000000000000000000000000000000000000000000000010000000000000000000000000000000000000000000000000000000000000000000000000000000000000000000000000000000000000000000000000000000000000000000000000000000000000000000000000000000 -0.27083350718021393 9.0
000000000000000000000000000000000000000001000000010000000000100000001010000000000000000000000000000100000000000000000000000000000000000000000000000000000000000000000000000000000000000000000000000000000000000000000000000000000000000000000000000000001000000000000000000000000100000000000000000000000000000000000000000000000000000000000000000000000000000000000000000000000000001000000000000000000000000000000000000000000000000000000000000000000000000000000000000000000000000000000000000000000000000001000000000000000000000000000000000000000000000000000000000000000000000000000000000000000000000000000000000000000000000000000000 -0.31250020675361156 10.0
000000000000000000000000000000000000000000000000000000000001100000000011000000000000000000000000000000000000000000000000000000000000000000000000000001000000000000000000000000000000000000000000000000000000000001000000000000000000000000000000000000001000000000000000000000000000000000000000000000000000000001000000000000000000000000000000000000000000000000000000000000000000001000000000000000000000000000000000000000000000000000000000000000000000000000000000000000000000000000000000000000000000001001000000000000000000000000000000000000000000000000000000000000000000000000000000000000000000000000000000000000000000000000000000 -0.3229169063270092 11.0
000000000000000000000000000000000000000001000000000000000001100000000011000000000000000000000000000000000000000000000000000000000000000000000000000000000000000000000000000000000000000000000000000000000000000000000000000000000000000000000000000010000000000000000000000000000100000000000000000000000000000101000000000000000000000000000000000000000000000000000000000000000000001000000000000000000000000000000000000000000000000000000000000000000000000000000000000000000000000000000000000000000000000001000000000000000000000000000000000000000000010000000000000000000000000000000000000000000000000000000000000000000000000000000000 -0.33854200690984726 12.0
000000000000000000000000000000000000000001000000010000000001100000000010000000000000000000000000000000000000000000000000000000000000000000000000000000000000000000000000000000000000001000000000000000000000000000000000000000000000000000000100000000001000000000000000000000000100000000000000000000000000000001000000000000000000000000000000000000000000000000000000000000000000001000000000000000000000000000000000000000000000000000000000000000000000000000000000000000000000000000000000000000000000000001000000000000000000000000000000000000000000000000000000000000000000000010000000000000000000000000000000000000000000000000000000 -0.41145870834589005 13.0
000000000000000000000000000000000000000001000000010000000001100000000011000000000000000100000000000000000000000000000000000000000000000000000000000000000000000000000000000000000000001000000000000000000000000000000000000000000000000000000000000000001000000000000000000000000100000000000000000000000000000000000000000000000000000000000000000000000000000000000000000000000000001000000000000000000000000000000000000000000000000000000000000000000000000001000000000000000000000000000000000000000000000001000000000000000000000000000000000000000000000000000000000000000000000000000000000000000000000000000000000000000000000001000000 -0.43402811139822006 14.0
000000000000000000000000000000000000000001000000010000000001100000000011000000000000000000000000000000000000000000000000000000000000000000000000000000000000000000000000000000000000001000000000000000000000000000000000000000000000000000000000000000001000000000000000000000000100000000000000000000000000000001000000000000000000000000000000000000000000000000000000000000000000001000000000000000000000000000000000000000000000000000000000000000000000000000000000000000000000000000000000000000000000000001000000000000100000000000000000000000000000000000000000000000000000001000000000000000000000000000000000000000000000010000000000 -0.4427087102085352 15.0
000000000010000000000000000000000000000001000000010000000001100000000011000000000000000000000000000000000000000000000000000000000000000000000000000000000000000000000000000000000000001000000000000000000000000000000000000000000000000000000000000000001000000000000000000000000100000000000000000000000000000000000000000000000000000000000000001000000000000000000001000000000000001000000000000000000000000000000000000000000000000000000100000000000000000000000000000000000000000000000000000000000000000001000000000000000000000000000000000000000000000000000000000000000000000000000000010000000000000000000000000000000000000000000000 -0.4583337102085352 16.0
000000000100000000000000000000000000000001000000010000000001100000000011000000000000000000000000000000000000000000000000000000000000000000000000000000000000000000000000000000000000001000000000000000000000000000000000000000000000000000000100000000001000000010000000000000000100000000000000000000000000000001000000000000000000000000000000000000000000000000000000000000000000001000000000000000000000000000000000000000000000000000000000000000000000000001000000000000000000000100000000000000000000000001000000000000000000000000000000000000000000000000000000000000000000000000000000000000000000000000000000000000000000000000000000 -0.48437540978193283 17.0
000000000000000000000000000000000000000001000000010000000001100000000011000000000000000000000000000000000000000001000000000000000000000000000000000001000000000000000000000000000000001000000000000000000000000000000000000010000000000000000100000000001000000000000000000000000100000000000000000000000000000001000000100000000000000000000000000000000000000000000000000000000000001000000000000000000000000000000000000000000000000000000000000000001000000010000000000000000000000000000000000000100000000001000000000000000000000000000000000000000000000000000000000000000000000000000000000000000000000000000000000000000000000000000000 -0.5572921093553305 20.0
000000000000000000000000000000000000000001000000010000000001100000000011000000000000000000000000000000000000000000000000000000000000000000000000000000000000000000000000000000100000001000000000000000000100000000000000000000000000000000000000000000001000000000000000000000000100000000000000000000000000000000000000000000000000000000000000000000000000000000000000000000000000001000000000000000000000000000000000000000001000000010000000000000001000000011000000000000000010000000000100000000000000000001001000000000000000000000000000000000000000000000000000000000000000000000000000000000000000000000000000000000000000000000000000 -0.5729171093553305 21.0
000000000000000000000000000000000000000001000000010000000001100000000011000000000000000000000000000000000000000000000000000000000000000000000000000001000000000000000000000000000000001000000000000000000000000000000010000000000000000000000000000000001000000010000000000000000100000000000000000000000000000000000000000000000000000000000000000000000000000000000000000000000000001000000000000000000000000010000000000000001000000010000000000000001000000011000000010000000000000000000000000000000000000001001000000000000000000000000000000000000000000000000000100000000000000000000000010000000000000000000000000000000000001000000000 -0.6458337102085352 25.0
010000000010000000000000000000000000000001000000010000000001100000000011000000000000000100000000000000000000000000000000000000000000000000000000000001000000000000000000000000000000001000000000000000000000000000000000000000000000000000000000000000001000000000000000000000000100000000000000000000000000000000000000000000000000000000000000000000000000001000000000000000000000001000000000000000000000000000000000000000001000000010000000000000001001000001000000000000000000000000000000000000000000000001000000000000000000000010000000000000000000000000000000100000000000000000000000010000000000100000000011000000000000000000000000 -0.7083337102085352 27.0
000000000010000000000000000001000000000001000000010000000001100000000011001000000000000000000000000000000000000000000000000000000000000000000000000001000000000000000000000000000000001000000000000000000000000000000010000000000000000000000000000000001000000010000000000000000000000000000000000000000000000000000000000000000000000001000000000000000000000000000000000000000000001000000000000000000000000000000000000000001000000010000000000000001000000011000000000001000000000000001000000001000000000001000000000000000000000010000000000000000000000000000000100000000000000000000000010000000000000000000011000000000000000000000000 -0.7673616074025631 30.0
000000000010000000000000000001000000000001000000010000000001100000000011000000000000000001000000000000000000000000000000000000000000000000000000000001000000000000000000000000000000001000000000000000000000000000000010000000000000000000000000000000001000000010000000000000000100000000000100000000000000000000010000000000000000000001000000000000001000000000000000000000000000001000000000000000100000000000000000000000001000000010000000000000001000000011000000000001000000000000001000000001000000000001000000000000000000000010000000000000000000000001000000100000000000000000000000010000000000000000000011000001000000000000000000 -0.8298617079854012 37.0
000000000000000000000000000001000010000001000000010000000011100000000011000000000000010000000000000000000000000000000000000000000000000000000000000001000000000000000000000000000000001000000000000000000000000001000010000000000100001000000000000000001000000010000000000000000100000000000100000000000000000001010000000000000001000001000000000000000000000000000000000000000000001000000000000000000000000000000000000000001000000010000000000000001000000111000000000011000000000000001000000001001000000001000000000000000000000010000010000000000000000001000000100000000000000000000000010000000001000000000011000000000000000000000000 -0.9027783088386059 45.0
000000000000001000000001000001000010000001000000010000100001100000010011000000000000010000000000000000000000000000000000000000000000000000010000000001000100000000000001000010000000001000000000000000000000000001000000000000000110000000000000000000001000010010000000000000000100000001000100010000000010000101010000000110000001000001000000100010000011000000000000000000000000001000000000000000000000000000000100000000001100000010000000000000001000000011000000000101100000000000000000000001000000000001000000010001001000000010000000101000000000000000000000100000000000000000000000010000000001100000000011010010000000000010000000 -1.0017367079854012 69.0
#
