# Problem = Knapsack
# Variables = 1
# Objectives = 2
110001000000101110101100000100100100000000000000010000001000100000001000100000010000101010000110100001000000000100000000100000000000001000001001101001000100010100000100100011000000001110000010000000000000000001000000001001000100010000001100000010000010100000010000000000000101010000000001100000100100010011000000000100000100000100000000000000000000101001000000100101000100100010001100001000001000001000000000000001000100010100011000000001101000000100010000110001000001001111000100000000000000010000000000011000001010000000000000100000000000111110001100001101000000001110011100000000000010010000100000001000000010001000100010 -1.2461570985615253 133.0
000000000000000000000000000000000000000000000000000000000000000000000000000000000000000000001000000000000000000000000000000000000000000000000000000000000000000000000000000000000000000000000000000000000000000000000000000000000000000000000000000000000000000000000000000000000000000000000000000000000000000000000000000000000000000000000000000000000000000000000000000000000000000000000000000000000000000000000000000000000000000000000000000000000000000000000000000000000000000000000000000000000000000000000000000000000000000000000000000000000000000000000000000000000000000000000000000000000000000000000000000000000000000000000000 -0.025458699092268944 1.0
000000000000000000000000000000000000000000000000000000000000000000000000000000000000000000000000000000000000000000000000000000000000000000000000000000000000000000000000000000000000000000000000000000000000000000000000000000000000000000000000000000000000000000000000000000000000000000000000000000000000000000000000000000000000000000000000000000000000000000000000000000000000000000000000000000000000000000000000000000000000000000000000000000000000000000000000000000000000000000000000000000000000000000000000000000000000000000000000000000000000000000000000000000000000000000000000000000000000000000000000000000000000000000000000 0.0 0.0
000000000000000000000000000000000000000000000000000000000000000000000000000000000000000000001000000000000000000000000000000000000000000000000000000000000000000000000000000000000000000000000000000000000000000000000000000000000000000000000000000000000000000000000000000000000000000000000000000000000000000000000000000000000000000000000000000000000000000000000000000000000000000000000000000000000000000000000000000000000000000000000000000000000000000000000000000000000000000000000000000000000000000000000000000000000000000000000000000000000000000000000000100000000000000000000000000000000000000000000000000000000000000000000000 -0.05641699954867363 2.0
000000000000000000000000000000000000000000000000000000000000000000000000000000000000000000000000000000000000000000000000000000000000000000000000100000000000000000000000000000000000000000000000000000000000000000000000000000000000000000000000000000000000000000000000000000000000000000000000000000000000000000000000000000000000000000000000000000000000000000000000000000000000000000000000000000000000000000000000000000000000000000000000000000000000000000000000000000000000001000000000000000000000000000000000000000000000000000000000000000000000001000000000000000000000000000000000000000000000000000000000000000000000000000000000 -0.08870690129697323 3.0
000000000000000000000000000000000000000000000000000000000000000000000000000000000000000000000000000000000000000000000000100000000000001000000000000000000000000000000000000001000000000000000000000000000000000000000000000000000000000000000000000000000000000000000000000000000000000000000000000000000000000000000000000000000000000000000000000000000000000000000000000000000000000000000000000000000000000000000000000000000000000000000000000000000000000000000000000000000000000100000000000000000000000000000000000000000000000000000000000000000000000000000000000000000000000000000000000000000000000000000000000000000000000000000000 -0.10834109969437122 4.0
000000000000000000000000000000000000000000000000000000000000000000000000100000000000000000000000000000000000000000000000000000000000000000000000000000000000000000000000000001000000000000000000000000000000000000000000000000000000000000000000000000000000000000000000000000000000000000000000000000000000000000000000000000000000000000000000000000000000000000000000000001000000000000000000000000000000000000000000000000000000000000000000000000000000000000000000100000000000000000000000000000000000000000000000000000000000000000000000000000000000000000000000000000000000000000000100000000000000000000000000000000000000000000000000 -0.1430972982198 5.0
000000000000000000000000000000000000000000000000000000000000000000000000100000000000000000000000000000000000000000000000000000000000001000000000000000000000000000000000000000000100000000000000000000000000000000000000000000000000000000000000000000000000000000000000000000000000000000000000000000000000000000000000000000000000000000000000000000000000000000000000000001000000000000000000000000000000000000000000000000000000000000000000000000000000000000000000100000000000000000000000000000000000000000000000000000000000000000000000000000000000000000000000000000000000000000000100000000000000000000000000000000000000000000000000 -0.1451693009585142 6.0
000000000000000000001000000000000000000000000000000000000000000000000000100000000000000000000000000000000000000000000000100000000000000000000000000000000000000000000000000000000000000000000000000000000000000000000000000000000000000000000000000000000000000000000000000000000000000000000000000000000000000000000000000000000000000000000000000000000000000000000000000001000000000000000000000000000000000000000000000000000000000000000000000000000000000000000000000000000000000100000000000000000000000000000000000000000000000000000000000000000000000010000000000000000000000000000100000000000000000000000000000000000000000000000000 -0.1868710983544588 7.0
000000000000000000000000000000000000000000000000000000000000000000000000100000000000000000000100000000000000000000000000000000000000001000000000000001000000000000000000000000000000000000000000000000000000000000000000000000000000000000000000000000000000000000000100000000000000000000000000000000000000000000000000000000000000000000000000000000000000000000000000000001000000001000000000000000000000000000000000000000000000000000000000000000000000000000000000000000000000000000000000000000000000000000000000000000000000000000000000000000000000000000000000000000000000000000000100000000000000000000000000000000000000000010000000 -0.21341080032289028 9.0
000000000000001000000000000000000000000000000000000000000000000000000000100000000000000000000000100000000000000000000000000000000000000000000000000000000000001000000000000000000000000000000100000000000000000000000000000000000000000000000000000000000000000000000000000000000000000000000000000000000000000000000000000000000000000000000000000000000000000000000000000001000000000000000000000000000000000000000000000000000000000000000000000000000000000000000000000000000000000000000000000000000000000000000000000000000000000000000000000000000000000000000000000000001000001100000100000000000000000000000000000000000000000000000000 -0.2533288970589638 10.0
000000000000001000000000000000000000000000000000000000000000000000000000100000000000000000000100000000000010000000000000000000000000000000000000000000100000000000000000000000000000000000000000000000000000000000000000000000000000000000000000000000000000000000000000000000000000000000000000000000000000000000000000000000000000000000000000000000000000000000000000000001000000001000000000000000000000000000000000000000000000000000000000000000000000000000000000000000000000000000000100000000000000000000000000000000000000000000000000000000000000000000000000100000000000001000000100000000000000000000000000000000000000000000000000 -0.2638585977256298 11.0
000000000000001000000000000000000000010000000000000000000000000000000000100000000000000000000000100000000000000000000000000000000000000000000000000000000000000000000000100000000000000000000000000000000000000000000000000000000000000000000000000000000000000000000000000000000000000000000000000000000000000000000000000000000000000000000000000000000000000000000000100001000000001000000000000000000000000000000000000000000000000000000000000000000000000000000000000000000000000100000000000000000000000000000000000000000000000000000000000000000000000010000000000001000000000000000100000000000000000000000000000000000000000000000000 -0.3157912977039814 12.0
000000000000001000000000000000000000000000000000000000000000000000000000000000000000001000000000000000000000000000000000000000000000001000000000100000000000000000000000000000000000000000000000000000000000000000000000000000000000000000000000000000000000000000000000000000000000000000000000000000000100000000000000000000000000000000000000000000000000000000000000000000000000001000000000000000000000000000000000000000000000000000000000000000000000000000000000100001000000000100000000000000000000000000000000000000000000000000000000000000000000001010000000000001000000000000001100000000000000000000000000000000000000000000000000 -0.37781490199267864 14.0
000000000000001010000000000000000000000000000000000000000000000000000000100000000000000000000100000000000000000000000000000000000000000000000000000001000000000000000000000000000000001100000000000000000000000000000000000000000000000000000000000000000000000000000000000000000000000000000000000000000000000000000000000000000000000000000000000000000000000000000000100001000000001000000000000000000000000000000000000000000000000000000000000000000000000000000000000000000000000000000100000000000000000000100000000000000000000000000000000001000000000000000000100000000000001000001100000000000000000000000000000000000000000000000000 -0.47016029618680477 17.0
000001000000001000000000000000000000000000000000000000000000000000000000100000000000000000000000100000010000000000000000000000000000000100000000000000000000000000000000100000000000001100000000000000000000000000000000000000000000000000000000000000000000000000000000000000000000000000000000000000000000000000000000000000000000000000000000000000000000000000000000100001000000000000000000000000000000000000000000000000000000000000000000000000000000000000000000000000000000000100000000000000000000000000000000000000000000000000000000100000000000000010000000000001000000001000001100000000000000000000000000000000000000000000000000 -0.4746439978480339 18.0
000000000000001010000000000000000000000000000000000000000000000000000000100001000000000000000000000000000000000000000000000000000000000000000000000001000000000000000000100000000000001100000000000010000000000000000000000000000000000000000000000000000000000000000000000000000000000000000000000000000000000000000000000000000000000000000000000000000000000000000000100001000000001000001000000000000000000000000000000000000000000000000000000000000000000000000000000000000000000100000100000000000000100000000000000000000000000000000000000001000000000010000000100000000000001000001100000000000000000000000000000000000000000000000000 -0.5719004962593317 22.0
000000000000001000000100000000000000000000000000000000000000000000000000100000000000000000000000100001000000000000000000000000000000001110000000000000000000000000000000100000000000001100000000000010000000000000100000000000000000000000000000000000000000000000000000000000000000000000000000000000000000000000000000000000000000000000000000000000000000000000000000100001000000000000001000000000000000000000000000000000000000000000000000000000000000000000000000100001000000000100000100000000000000000000000000000000000000000000000000100000000000001010000000000001000000001000001000000000000000000000000000000000000000000000000000 -0.6726160012185574 26.0
000000000000001010001100000000000000000000000000000000000000000000000000100000000000001000000100100001000000000000000000000001000000000110000000100000000000000000000000100000000000001100000000000000000000000000100000000000000000001000000000000000010000000000000000000000000000000000000000000000000000000000000000000000000000000000000000000000000000000000000000100001000000000000001000000000000000000000000000000000000000000000000000000000000000000000000000100001000000000100001100000000000000000000000000000000000000000000000000100000000000001000000000000001000000001000001000000000000000000000000000000000000000000000000000 -0.7967137955129147 32.0
000000000000001010001100000000000000000000000000000000000000000000000000100000000000001000000100100001000000000000000000000001000000001110000000000000000000000000000000100000000000001100000000000010000000000000100000000000000000000000000000000000000000000000000000000000000000000000000000000000000000000000000000000000000000000000000000000000000000000000000000100001000000000000001000000000000000000000000000000000000000000000000000000000000000000000000000100001000000000100001100000000000000000000000000000000000000000000000000100000000000001000000010000001000000001001001000000000000000000000000000000000000000000000000000 -0.8059440981596708 33.0
000000000000001010001100000000000001000100000000000000000000000000000000100000000000001000000100100001000000000000001000000001000000000110001000100001000000000000000000100000000000001100000000000100000000000000100000000000000000000010000001000000000000000000000000000000000000000000000000000000000000000000000000000000000000000000000000000000000000010000000000100001001000000000001000000000000000000000000000000010000000001000000000000000001000000000000000100000000000000100000110000000000000000000000000000000000000000000000010100000000000001010000000000001000000001000001000000000000000000000000000001000000000000000000000 -0.8601016979664564 45.0
000000000010001110001101000000000001000100000100000000000000100000000000100001010000001000000100100001010000000000001000100001000000000110001000100001000000000000000000100000000000001110000000000100000000010000000000000000000000000010000000000000000000000000000001000000000100000000000000000000000000000000000000000000000000000000000100000000000000000000000000100001001000000010001100000000000000000000000000000000000000001001000000000000001000010000000000100000000000000110000110010000000000000000000000000000000000000000000000100000000000001010000000000001100010001000001000000000000010000000000000001000000000000000000000 -1.0079394970089197 63.0
#
