# Problem = Knapsack
# Variables = 1
# Objectives = 2
10011111010110011101011110001101001100010010011000111100010110010110010111110010011111001111111111111111111111111111111111111111111111111111111111111111111111111111111111111111111111110001110100000000011111011111110000111100011001011100111111101011101111111111010110000101000100000001100001000100000000111111111000001110100000000100000001000101101011001010111100100000 -0.3411589006718714 229.0
00000000000000000000000000000000000000000000000100000000000000000000000000000000000000000000010111000001010000100101001001000001010000001111000011000110010010100111000101000000011010100000000000000000000000000000000000000000011000000000000000000000000000000000000000000000000000000000000000000000000000000000000000000000000000000000000000000000000000000000000000000000 -0.10228999995160848 36.0
10011111010110001100011110001101001101110010011000111110010110010110010111110010011111001111111111111111111111111111111111111111111111111111111111111111111111111111111111111111111111110001110100000000111111011111110000111100011001011100111111111011101111111111010110000000000100000000100001000100000000111011011000101110100000000100000001000101101011001010100100000000 -0.3405550007009879 225.0
10011111010110001010000010001100001111010010110000111100010110011110000101111010011100001011111111111111111111111111111111111111111111111111111111111111111111111111111111111111111111110001110110110000001111110111110010101100010101011100111111111011111111111111011111000001000100000000100001000100100000110001010000000010000000000110010000000100101011001010100110010000 -0.3385925007169135 218.0
00000000000000000000000000000000000000000000000000000000000000000000000000000000000000000000010110010001011000100100111011000001010000001111000011000111010000100111000111000000011010100000000000000000000000000000000000000000000000000000000000000000000000000000000000000000000000000000000000000000000000000000000000000000000000000000000000000000000000000000000000000000 -0.10987409995868802 37.0
00000000000000000000000000000000000000000000000000000000000000000000000000000000000000000000011100010001011000100101111011000001010001001111000011000111010110100111001111000000010010110000000000000000000000000000000000000000000000000000000000000000000000000000000000000000000000000000000000000000000000000000000000000000000000000000000000000000000000000000000000000000 -0.12543689995072782 42.0
00000000000000000000000000000000000000000000000000000000000000000000000000000000000000000000010110010001010000101100111011000001010000001111000011000110010010100111000111000000011010100000000000000000000000000000000000000000000010000000000000000000000000000001000000000000000000000000000000000000000000000000000000000000000000000000000000000000000000000000000000000000 -0.113045199890621 39.0
00000000000000000000000000000000000000000000000000000000000000000000000000000000000000000000010110000001010000101100111111000101010000011111001011010110010110100111000111000000010010110000000000000000000100000000000000000000000000000000000000000001000000000000000000000000000000000000000000000000000000000000000000000000000000000000000000000000000000000000000000000000 -0.13084749970585108 44.0
00000000000000000000000000000000000000000000000000000000000000000000000000100000000000000000011111010001011010100110111010000100010000111111001011000111000110100111001111000000011010010000000000000000000000000000000000000000000000000000000000000000000000000000000000000000000000000000000000000000000000000000000000000000000000000000000000000000000000000000000000000000 -0.13313200016273186 46.0
00000010000010000000000000000000000000000000000000000000000000000000000000000000000000000000011111111111111011111111111111011101110111111111101011111110111111111111111111111101111111110000000000000000000100000000000000000000000000001000000000000001100100000000000000000000000000000000000000000000000000000000000000000000000000000000000000000000000000000010000000000000 -0.23036880022846162 91.0
00000000000000000000000000000000000000000000000000000000000000000000000000000000000000000000011110010001011000101100011011000000010000001111000011010111010010100111000111000000011110010000000000000000000000000000000000000000000000000000000000000000000000000000000000000000000000000000000000000000000000000000000000000000000000000000000000000000000000000000000000000000 -0.11896779970265925 40.0
10111111010110001110011110001100001100100010011000111100010010010100010000011000010110000011111111111111111111111111111111111111111111111111111111111111111111111111111111111111111111110000110110010001001111111111110001100100010001011100111111101011100111111111010110001001001100000000100001000100000000110011110000100110100000000100010001000111001011001010101100110000 -0.3376113006961532 215.0
10000000000010000000000000000000000000000000000000000000000000000000000000000000000000000000011111010001010010101101111111010101010001111111001011010110011111100111100111000000111101110000000000000000000100000000000000000000000000001000000000000000100000000000000000000000000000000000000000000000000000000000000000000000000000000000000000000000000000000000000000000000 -0.17135669966228306 61.0
00000000000000000000000000000000000000000000000000000000000000000000000000000000000000000000010110010001010000111101111011000000010000001111000001010110010010101111000111000000011010100000000000000000000000000000000000000000000000000000000000000001100000000000000000000000000000000000000000000000000000000000000000000000000000000000000000000000000000000000000000000000 -0.12133209954481572 41.0
00000000000000000000000000000000000000000000000000000000000000000000000000000000000000000000010110010001011000100100111111000101010001011111001011010111010110100011001111000000010010110000000000000000000100000000000000000000000000000000000000000001000000000000000000000000000000000000000000000000000000000000000000000000000000000000000000000000000000000000000000000000 -0.13883159961551428 47.0
10100011000010001000000010000000001100000000000000001000000010010100100010000000000000000010111111111111111111111111111111111111111111111111111111111111111111111111111111111111111111110000000010010000000110010111000000000100010000001000010111111011100110111111010010000000000100000000100001000000000000110000000000000010000000000100010001000100001011000010000001000000 -0.2996441004797816 154.0
00000000000000000000000000000000000000000000000000000000000000000000000000000000000000000000011111101001011010100101011011000101010001111111001001000110010011101111100111000000011110010000000000000000000100000000000000000000000000000000000000000001000000000000000000000000000000000000000000000000000000000000000000000000000000000100000000000000000000000000000000000000 -0.14895139972213656 52.0
10000010010010000000000000000000001000000000000000001100000000000000000000000000000000000000111111111011111111111111111111111111111111111111101111111111111111111111111111111111111111110000000010000000000111000000000000000100010000001000001100001011100100000000000000000000000000000000000001000000000000100000000000000000100000000100000000000100000010001010000000000000 -0.2674848001333885 119.0
10000111010110011100010010001101001100000000000000001000110010010100000100011000000100001010111111111111111111111111111111111111111111111111111111111111111111111111111111111111111111110000010110010000000111010011000000000100010001011100111111111011101111111111010010000000000100000000100001000100000000110000110000100010000100000100000001000100001011001010000000010000 -0.319420200510649 181.0
00000000000000000000000000000000000000000000000000000000000000000000000000000000000000000000011111010001011010100111110111001101010001111111001011010111010111101111101111010000011110110000000000000000000100000000000000000000010000001000000000000001000000000000000000000000000000000000000000000000000000000000000000000000000000000000000000000000000000000000000000000000 -0.1760764999780804 62.0
10001110011110001010011110001100001100000100010000111100000110010100000111100000011000000010111111111111111111111111111111111111111111111111111111111111111111111111111111111111111111110001110110011010000110010111100100100110010001011100111111111011101111111111010011001000001100000000100001000000000000110000000000000010000000000100010000000100101011001010000101000001 -0.3269684005936142 196.0
00000000000010000000000000000000000000000000000000000000000000000000000000000000000000000000011111110001011000100111111111000101110001111111001011010110010111101111101111111001011110110000000000000000000100000000000000000000000000001000000000000001000000000000000000000000000000000000000000000000000000000000000000000000000000000100000000000000000000000000000000000000 -0.18342549982480705 66.0
00000000000000000000000000000000000000000000000000000000000000000000000000000000000000000000011110010001001010110101011011000101010001111111001011000110010111100111101111010000010010110000000000000000000100000000000000000000000000001000000000000001000000000000000000000000000000000000000001000000000000000000000000000000000000000000000000000000000000000000000000000000 -0.15372289984952658 53.0
10000010010010000010000000000000001100000000000000001000010000000100000000000000000010000000111111111111111111111111111111111111111111111111111111111111111111111111111111111111111111110000000000000000000110010110000000100100010000011000011000101011100010010110010010000000000101000000100001000000000000110000000000000000000000000100010000000100001010001000000000000000 -0.28613260021666065 138.0
10000111011110001010011110000100001100000000010100111100010011010101000110000010011000000010111111111111111111111111111111111111111111111111111111111111111111111111111111111111111111110001110110001010000111010111100000100100010001011100111111111011101111101110000011001000000100000000100001000100000000110000010000000010000000000100000001000100101010001010000100000000 -0.3238736004277598 189.0
00000000000000000000000000000000000000000000000000000000000000000000000000000000000000000000011110010001011000100101111111000101010001011111001011010111010110000111001111000000010010110000000000000000000100000000000000000000000000000000000000000001000000000000000000000000000000000000000000000000000000000000000000000000000000000000000000000000000000000000000000000000 -0.1442553997039795 49.0
00000000000010000000000000000000000000000000000000000000000000000000000000000000000000000000011110010001011010100101011111001101010001011111001011010110010111000111001111010000010010110000000000000000000100000000000000000000000000001000000000000001100000000000000000000000000000000000000000000000000000000000000000000000000000000000000000000100000000000000000000000000 -0.1580490997293964 55.0
10000000000010000000000000000000000000000000000000000000000000000000000000000000000000000000011111011001011010110111111111001101010001111111001011010110010111111111100111011001011010110000000000000000000100000000000000000000000000001000000000000001100000000000000000000000000000000000000000000000000000000000000000000000000000000000000000000000000000000000000000000000 -0.18631349958013743 67.0
00000000000000000000000000000000000000000000000000000000000000000000000000000000000000000000001110000001010000100101010011000101010000111111001011010110011111101111100111000000011010110000000000000000000100000000000000000000000000000000000000000001000000000000000000000000000000000000000000000000000000000000000000000000000000000100000000000000000000000000000000000000 -0.1395735996775329 48.0
00000010000000000000000000000000000000000000000000000000000000100000000000000000000000000000011111011001011011100111111111100101010001111111001111010111011111111111101111011000111110010000000000000000000100000000000000000000000000001000000000000001100000000000000000000000000000000000000000000000000000000000000000000000000000000000000000000000000000000000000000000000 -0.19409579972852953 71.0
10011110011110001001011110000101001100000010010000111100010100011110010111010010011110001111111111111111111111111111111111111111111111111111111111111111111111111111111111111111111111111011110110000000111110010111110000010100010101011100110111111011100111111111010111000000000100000000100001000100000000110011110000100010000000010110010001000100001011001010100100100000 -0.3354979006689973 213.0
00000000000010000000000000000000000000000000000000000000000000000000000000000000000000000000011111111001011011100111111111010101010011011111011011010111011111111111101111001001011110110000000000000000000100000000000000000000000000001000000000000001100000000000000000000000000000000000000000000000000000000000000000000000000000000100000000000000000000000000000000000000 -0.19623099954333156 72.0
00000000000000000000000000000000000000000000000000000000000000000000000000000000000000000000011111110001010010100111110111000101010011111111001011000110010111101111101111000000011110110000000000000000000100000000000000000000000000000000000000000001000000000000000000000000000000000000000000000000000000000000000000000000000000000100000000000000000000000000000000000000 -0.1649817997822538 58.0
10000010011010000000000000000000001000000000000000001000000000000000000000000000000000000000111111111011111111111111111111111111111111111111111111111111111111111111111111111011111111110000000000000000000111000000000000000100010000001100001100001011100100000000000000000000000100000000100001000000000000100000000000000000000000000100000100000100001000001010000000000000 -0.2699003000743687 121.0
10000000000010010000000000000000000000000000000000000000000000000000000000000000000000000000011111111101111011101111111111111101110111111111011111111111011111111111111111111001111111110000000000000000000110000000000000000000000000001000000000000001100000000000000000000000000000000000000001000000000000000000000000000000000000000100000000000000000010000000000000000000 -0.23404580022906885 93.0
00000000000010000000000000000000000000000000000000000000000000000000000000000000001000000000011111111001011011110111111111010101110011111111101011111111111111101111111111111001011110110000000000000000000100000000000000000000000000001000000000000001100000000000000000000000000000000000000000000000000000000000000000000000000000000000000000000000000000000000000000000000 -0.21143290010513738 80.0
00000000000000000000000000000000000000000000000000000000000000000000000000000000000000000000011111010001011011100111111011000101010000001111001011010111011111110111001111000001011010110000000000000000000100000000000000000000000000000000000000000001000000000000000000000000000000000000000000000000000000000000000000000000000000000100000000000000000000000000000000000000 -0.1625804000068456 57.0
10000111010110001110011110000100001101100000010100111100010010010110000110001010011010000110111111111111111111111111111111111111111111111111111111111111111111111111111111111111111111110001110110000010010111110111010000101100010001011100111111111011110111111111010010001000000100000000100001000100000000110011010000100010100000000100000001000101101010001010000100010000 -0.3314218005980365 203.0
10000010000010000000000000000000000100010000000000001100000000000100000000001000000000000000011111111111111111111111111111111111111111111111111111111111110111111111111111111011111111110000000100000000000110000000000000000100010000001000000110000001100000000000000000000000000100000000000001000000000000100000000000000010000000000100000000000100101010000010000000000000 -0.26499390008393675 118.0
00000000000000000000000000000000000000000000000000000000000000000000000000000000000000000100011111111011111011101111111111011101010111111111101111011111011111101111101111111001111110110000000000000000000100000000000000000000000000001000000000000001100000000000000000000000000000000000100000000000000000100000000000000000000000000000000000000000000000000000000000000000 -0.21639690030133352 83.0
10000000000000000000000000000000000000000000000000000000000000000000000000000000000000000000011111111001011010100111111111000101010011011111011011010110111011110011101111001000101110110000000000000000000100000000000000000000000000001000000000000001100000000000000000000000000000000000000000000000000000000000000000000000000000000000000000000000000000000000000000000000 -0.18060599954333156 65.0
10000000000010000000000000000000000000000000000000000000000000000000000000000000000000000000011111111001011011110111111111111101110111111111001111110110011111111111101111111001111110110000000000000000000100000000000000000000010000001000000000000001100010000000000000000000000000000000000000000000000000000000000000000000000000000000000000000100000000000000000000000000 -0.2190349999582395 84.0
10010111010110011100010010001101001100000000000000011100010010010110001100000000011110000010111111111111111111111111111111111111111111111111111111111111111111111111111111111111111111110000110010000000000111011111100000100100010001011100111111111011101111111111010011000000001100000000100001000000000000110000110010100010000100000100000001000100001011001010000101011000 -0.3259116005792748 193.0
00000110000010000000000000000000000000000000000000000000000000000000000000000000000000000000011111111001111011111111111111111101110101111111001111111111011111111111111111011001111111110000000000000000000100000000000000000000000000001000000000000001100000000000000000000000000000000000000000000000000000001000000000000000000000000000000000000000000010000000000000000000 -0.2242913002264686 88.0
00000000000010000000000000000000000000000000000000000000000000000000000000000000000000000000010111110001010010100111110111000101010111011111001011000111010111100111000111010000011110110000000000000000000100000000000000000000000000000000000000000001000000000000000000000000000000000000000000000000000000000000000000000000000000000000000000000000000000000000000000000000 -0.16006419993937016 56.0
10011111011110100000011010001100001000000000010000011100010010010110000100010000011110000010111111111111111111111111111111111111111111111111111111111111111111111111111111111111111111110001110110000000000111010110100000100100010001011100110111111011101111111111010001001001001100000000100001000100001000110000110000100010000000010100000001000100001011001010000101000000 -0.32477930045570247 192.0
10011111010110101010011110000101001100010000011001011100010100010110010111110010011110001111111111111111111111111111111111111111111111111111111111111111111111111111111111111111111111110001110110000000000111011111110000110100010001011100111110111011110111111111010010000000000100000000100001000100000000110011010000100110100000010110000000000100101011001010100100000000 -0.33330870053032413 210.0
10000010010010000000000000000000000000000000000000000000000000000000000000000000000000000000111111111001111011111111111111101101110111111111011111111111111111111111111111011011111111110000000000000000000100000000000000000100010000001000000000100011100000000000000000000000000000000000000001000000000000100000000000000000000000000100000000000100000010000010000000000000 -0.24563159991521388 101.0
00000010000000000000000000000000000000000000000000000000000000000000000000000000000000000000010111110001011010100101011111000101010101111111001011010111010111101111100111010000011110110000000000000000000100000000000000000000000000000000000000000001000000000000000000000000000000000000000000000000000000000000000000000000000000000000000000000000000000000000000000000000 -0.16776279965415597 59.0
00000010000010000000000000000000000000000000000000001000000000000000000000000000000000000000111111111001011011111111111111011101010111111111011111011111111111110111111111111001111110110000000010000000000000000000000000000000000000011000000000000001000000000000000000000000000000000000000000000000000000000000000000000000000000000000000000000000000010000010000000000000 -0.22145420021843165 87.0
00000000000000000000000000000000000000000000000000000000000000000000000000000000000000000000011110110001010000101111111111000001010001101111001011010110010110100111101111000000011110110000000000000000000100000000000000000000000000000000000000000001000000000000000000000000000000000000000000000000000000000000000000000000000000000100000000000000000000000000000000000000 -0.15460629959125072 54.0
00000001000010000000000000000000000000000000000000000000000000000000000000000000000000000000011111111101111011111111111111101101110011111111001111010111111111111111111111011011111111110000000001000000000100000000000000000000000000001000000000000001100000000000000000000000000000000000100001000000000000000000000000000000000000000100000000000000000000000010000000000000 -0.2264203000231646 90.0
10010011010110110010011110000000001100000001010100011000110010010000000000001000100100000010111111111111111111111111111111111111111111111111111111111111111111111111111111111111111111110001100010010000000111010111000000100100010011001110011111111011101110111111100000000000000100000000100001000000000000110000000000100010000000000100010001000100001011001010000001100000 -0.31775970046874136 179.0
10001011010110000010001000001100001100010010011000101100010000010110010111111010011101001111111111111111111111111111111111111111111111111111111111111111111111111111111111111111111111110001110100010001011111110111110000111100010001011100111111111011101111111111001110000001000100000000100001000100000000110001010000000010100000000100010000000101101011001010100100000000 -0.3328560007503256 207.0
10000011010010000000000010000000001100000000000000001000000010010000100010000000000000000011110111111111111111111111111111111111111111111111111111111111111111111111111111111111111111110000000010010000000110000110000000100100010001001000011111111011100110111111010010000000000100000000100001000100000000110000000000000010000000000100000000000100001011000010000001000000 -0.297209300333634 152.0
10000110010010000000001000000000001100000000001000101000010010010100000000000000000000000010111111111111111111111111111111111111111111111111111111111111111111111111111111111111111111110000010010010000000111010011000010000100010000011100111111101011101110111111000000000000000100000000100001000000000000110000000000000010010000000100010000000100001011000010000000010000 -0.30349360045511276 158.0
00000000000000000000000000000000000000000000000000000000000000000000000000000000000000000000011111111011011011100111111111011101110101111111111011010110011111111111101111110001111110110000000000000000000100000000000000000000010000001000000000000001100000000000000000000000000000000000100000000000000000000000000000000010000000000000000000000000000000000000000000000000 -0.20872200012672693 79.0
10000000000000000000000000000000000000000000000000000000000000000000000000000000000000000000011111111101011011100111111111000101110101111111001011010110011111101111101111010000111100110000000000000000000100000000000000000000000000001000000000000001000000000000000000000000000000000000000000000000000000000000000000000000000000000000000000000000000000000000000000000000 -0.18885229981970042 68.0
10000010010010000000100010000000001100000000000000001000000000000000000000000000100000000000111111111111111111111111111111111111111111111111111111111111111111111111111111111111111111110000000000000000000111010010000000010000010000001000001111011011101110010010000000000000000100000000100001000000000000100000000000000010000000000100000000000100001001001010000000010000 -0.2843210002465639 136.0
10000010000010000000000000000000000000000000000000000000000000000000000000000000000000000000011111111001011010101111111111100101010001111111001111010111011111111111101111011001111111110000000000000000000100000000001000000000000000001000000000000001100000000000000000000000000000000000000000000000000000000000000000000000000000000000000000000000000000000000000000000000 -0.20567839982686564 77.0
10011111011110001000011110101100001100110010110000111100110110010110000010100000000110000110111111111111111111111111111111111111111111111111111111111111111111111111111111111111111111110000100110000000001111011111000000111101011001011110111111111011110111111111010010000000000110000000100001000100000000110011110000000010000000100100000000100100101011001010100100000000 -0.3315728006127756 206.0
10000111011110101010011010001100001100100100000000111000110010010110000010010000011000000011011111111111111111111111111111111111111111111111111111111111111111111111111111111111111111110000110110010000000111010111000000100100010001011100111110101011101110001111000100000000000100000000100001001100000000110000100000000010000000000100010001000100001011001010000101000100 -0.32009590038796887 184.0
10000010010010000100000000000000001000000000000000001000000000000000000000000100000000000000111111111011111011111111111111111101111111111111111111111111111111111111111111111011111111110000000000000000000100000000000000000000010000001000000000000001100000000000000000000000000000000000000001000000000000100000000000000000000000000000000000000100000010000000000000000000 -0.25057660008314997 105.0
10000010010010000000000000000000001000000000000000001000000001000000000000000010000000000000111111111111111111101111111111111111111111111111111111111111111111111111111111011011111111110000000000000000000111000000000000000100010000001000000000101011100010000000000000000000000000000000100001000000000000100000000000000000000000000100000000000100000010000010000000000000 -0.26392139997915365 116.0
00000000000000000000000000000000000000000000000000000000000000000000000000000000000000000000001111000001010000100101010111000101010001111111001011010110010111101111100111000000011110110000000000000000000100000000000000000000000000000000000000000001000000000000000000000000000000000000000000000000000000000000000000000000000000000100000000000000000000000000000000000000 -0.14749969961121678 51.0
10000010000010000000000000000000000000000000000000001000000000000000000000000000001000000000111111111011111011101111111111111101110111111111011111011111011111111111111111111011111111110000000000000000000110000000000000000000000000001000000000001011100000000000000000000000000000000000100001000000000000000000000000000000000000000100000000000000000010000000000000000000 -0.2421225001453422 99.0
10000010010010000000000000000000000000000000000000001000000000000000000000000000000000000000111111111001111111111111111111101111110111111111011111111111111111111111111111111011111111110000000000000000000100000000000000000100000000001000000000000001100000000000000000000000000001000000000000000000000000100100000000000000000000000100000000000100000010000010000000000000 -0.2476888999226503 103.0
10000011011110000000010010000000001100010000010000001000110010010000000100001000000100000010111111111111111111111111111111111111111111111111111111111111111111111111111111111111111111110000000010010000000111010110000000100100010001001100011111101011110111111111010010000000000100000000100001000100000000110000000000100010000000000100000000000100001011001010000001100000 -0.3093057004152797 167.0
00000000000000000000000000001000000000000000000000000000000000000010000000000000000000000000011111011001011010100111111111000101010001111111011011010111011111110111101111010001111110110000000000000000000100000000000000000000000000001000000000000001100000000000000000000000000000000000000000000000000000100000000000000000000000000000000000000000000000000000000000000000 -0.19080769977881573 70.0
00000010000010000000000000000000000000000000000000000000000000000000000000000000000000000000011111111001111011111111111111111101010101111111001111011111011111111111101111011001111111110000000000000000000100000000000000000000000000001000000000000001100000000000000000000000000000000000100000000000000000000000000000000000000000000100000000000000000010000000000000000000 -0.22110180009622127 85.0
10000111010110000010000010000100001100000000000000101000010010010100000000001000000100000010111111111111111111111111111111111111111111111111111111011111111111111111111111111111111111110000000110010000000111010110000000100100010001001100101111111011101111111111000010000000000100000000100001000100000000110001000000000010000000000100000001000100001010001010000000010000 -0.30870180047350004 165.0
10000111010110011110010010001101001100000010010000011000110010010110001100010000000100000010111111111111111111111111111111111111111111111111111111111111111111111111111111111111111111110000100110010000000111010110100000100100010001011100111111111011101111111111010010000000001100000000100001000000000000110000100000100010000100000100000001000100001011001010000100010000 -0.32296790057444014 187.0
10000010010010001010000000000001000100000000000000001000010000000100000100000000000000000010111111111111111111111111111111111111111111111111111111111111111111111111111111111111111111110000010000000000000110010010000000100100010000001000001101101011100110010111010010000000000100000000100001000000000000110000000000000010000000000100010000001100001010001000000000000000 -0.2892274002660997 143.0
00000000000000000000000000000000000000000000000000000000000000000000000000000000000000000000011111111001011010101111111111010101010111111111101011010110110111110111111111011000111110110000000000000000000100000000000000000000000000001000000000000001100000000000000000000000000000000000000000000000000000100000000000000000000000000000000000000000000000000000000000000000 -0.19927850004751235 73.0
00000000000000000000000000000000000000000000000000000000000000000000000000000000000000000000011111110001010000100111110111000101010111111111001011010110010111101111101111000000011110110000000000000000000100000000000000000000000000001000000000000001000000000000000000000000000000000000000000000000000000000000000000000000000000000100000000000000000000000000000000000000 -0.16942129970993847 60.0
10001011010010101010000000000000001100000000010000001000010000000000000000000000000000000000111111111111111111111111111111111111111111111111111111111111111111111111111111111111111111110000000000000000000111010110000000100100010000001000000100101011101110001101000000000000000100000000100001000000000000100001000000000010000000000100000000000100000010001010000000001000 -0.2874157001497224 140.0
00000010000000000000000000000000000000000000000000000000000000000000000000000000000000000000011111111001111010101111111111010101010111111111101111010110110111100111111111011000111110110000000000000000000100000000000000000000000000001000000000000001100000000000000000000000000000000000000000000000000000100000000000000000000000000000000000000000000000000000000000000000 -0.2025430001085624 75.0
10000000000010000000000000000000000000000000000000000000000000000000000000000000000000000000111111111101111011111111111111111111110111111111011111111111111111111111111111111111111111110000000000000000000110000000000000000000000000001000000000001001100000001000000000000000000000000000000001000000000000000000000000000000000000000100000000000000000010000000000000000000 -0.24446600023657084 100.0
10010111010110001110011110001101001100000010011000011100010110010110010100111000011110001011111111111111111111111111111111111111111111111111111111111111111111111111111111111111111111110000110110010001001111011111110000100100010001011100111111101011100111111111010010000001001100000000100001000100000000110011110000100110100000000100010000000111101011000010001100010000 -0.3348938005801756 211.0
10000011010110000000001000010000001100000000000100011000010000010100000100000000010100000010111111111111111111111111111111111111111111111111111111111111111111111111111111111111111111110000000010010001100111010011000000000100010000011100011110101011101111101111000010000000000100000000100001000000000000110000000000000010000000000100010000000100001010001010000000010000 -0.30455030035227537 160.0
10000010000010000000000000000000000000000000000000001000000000000000000000000000000000000000111111011001111011111111111111111101110101111111101111111110111111111111101111111001111111110000000000000000000110000000000000000000010000001000000100000001100010000000000000000000000001000000100001000000000000000000000000000000000000000100000000000000000000000000000000000000 -0.23757630010368302 96.0
10000000000010000000000000000000000000010000000000000000000000000000000000000000000000000000011111111101111011111111111111101111110111111111011111111111111111111111111111111011111111110000000000000000000110000000000000000000000000001000000000000001100000000000000000000000000000000000000001000000000000000000000000000000000000000100000000000000000000000000000000000000 -0.23674380016746 95.0
10000010000010000000000000000000001000010000000100001100000000000100000000000000000000000000011111111111111111111111111111111111110111111111111111111111111111111111111111111011111111110000000100000000000100000000000000000100010000001000000010100001100000001000000000000000000100000000000001000000000000100000000000000000000000000100000000000100000010000010000000000000 -0.26235200004884973 115.0
10000110010110001010001010000100000000000000000000101000110000000000000000010000101000000010111111111111111111111111111111111111111111111111111111111111111111111111111111111111111111110000000010010000000111010011000010000100010001011100010110111011100110001100000010000000000100000000100001000000000000110001000100000010000000000100010000000100001011001010000000000000 -0.3011536003323272 156.0
10000000000000000000000000000000000000000000000000000000000000000000000000000000000000000000011111111001111010100111111111111001110101111111001011010110111111100111101111111001011110110000000000000000000100000000000000000000000000001000000000000001100000001000000000000000000000000000000000000000000000000000000000000000000000000000000000000000000000000000000000000000 -0.19988130021374673 74.0
00000000000000000000000000000000000000000000000000000000000000000000000000000000000000000000010110000001011010100101110011000101010001111111001011000110010111100011101111000000011010110000000000000000000100000000000000000000000000001000000000000001000000000000000000000000000000000000000000000000000000000000000000000000000000000000000000000000000000000000000000001000 -0.14507309993496165 50.0
10000000000000000000000000000000000000000000000000000000000000000000000000000000000000000000011111011001011010100111110111000101110011011111001011010110011111101111101111010000111010110000000000000000000100000000000000000000000000001000000000000001000000000000000000000000000000000001000000000000000000000000000000000000000000000000000000000000000000000000000000000000 -0.17867759976070374 64.0
10000111010110000010010110001100001100000010010100001000110010010100000000011000000100001010111111111111111111111111111111111111111111111111111111111111111111111111111111111111111111110000000110110000000111010110000100100000010001001100111111111011101111111111010010000000001100000000100001000100000000110000000000000010000000000100000000000100001011001010000000100000 -0.31594810049864464 177.0
10000010010010000000000000000000000000000000000000001000000000000000000000000000000000000000111111111001111111111111111111111111110111111111011111111111111111101111101111111111111111110000000000000000000110000000000000000100000000001000000000000001100000000000000000000000000101000000100001000000000000100000000000000000000000000100000000000100000010001000000000000000 -0.2520862999954261 106.0
10000100000010000000000000000000000000000000000000000000000000000000000000000000000000000000111111111111111011111111111111111101110111111111111111111111111111111111111111111111111111110000000000000000000100000000000000000100010000001000000000101001100100000000000000000000000000000000000001000000000000100000000000000000000000000100000000000100000010000010000000000000 -0.25375060021178797 107.0
10000000000010000000000000000000000000000000000000000000000000000000000000000000000000000000011111011001011011110111111111011101010001111111111011110111010111101111111111011001011110110000000000010000000100000000000000000000000000001000000000000001100000000000000000000000000000000000000000000000000000000000000000000000000000000000000000000000000000000000000000000000 -0.20339519996196032 76.0
10000011011110000010010000000000001100010000010000111000010000010000000110011000010000000010111111111111111111111111111111111111111111111111111111111111111111111111111111111111111111110000000110000000000111010110000000110100010001001100111111111011110111111110010010000000000100000000100001000100000000100001010000000010000000000110010000000100101011001010000001110000 -0.31443840044084936 175.0
10000000000010000000000000000000000000000000000000000000000000000000000000000000000000000000111111111101111011101111111111111111110111111111011111111111111111111111111111111001111111110000000000000000000110000000000000000000000000001000000000001011100000000000000000000000000000000000000001000000000000000000000000000000000000000100000000000000000010000000000000000000 -0.24016350030433387 97.0
10000010010010000010000010001000000000000000000000001001000000000000000000010010000000000000111111111111111111111111111111111111111111111111111111111111111111111111111111111111111111110000100010000000000110010001000000000100010001001000100101011011100110000111000010000000000100000000100001000000000000110000000000000000000000000100000000000100101111001010000000000000 -0.288472700282 141.0
10000010000000000000000000000000000000000000000000000000000000000000000000000000000000000000111111111001011010111111111111111101010001111111001011010111011111111111111111011000111110110000000000000000000100000000000000000000000000001000000000000001100000100000000000000000000000000000000000000000000000000000000000000000000000000000000000000000000000000000000000000000 -0.20732739986851811 78.0
10000010010010000000000000000000001110000000000000001000000000000000000000000000000000000000111111111111111111111111111111111111111111111111111111111111111111111111111111011011111111110000000000000000000111010010000000100100010000011000001000101011100010000010000010000000000000000000100001000000000000100000000000000000000100000100000000000100001010000010000000000000 -0.2738097000401467 126.0
10000010010010000000000000000000001000000000000000001000000000000000000000000010000000000000111111111101111111101111111111111101110111111111111111111111111111111111111111110011011111110000000000000000000110000000000000000100000000000000000000000001100000000000000000000000000100000000100001000000000000100000000000000000000000000100000000000000000010000010000000000000 -0.24820230004843324 104.0
10001110010111000010011000000100001100000010011000111000010010010100010001111010010110001011111111111111111111111111111111111111111111111111111111111111111111111111111111111111111111110000110110010001000101110111100000100100010001011100111111101011101111111111010110001001000111000000100001000100000000110011110000000010100000000100010000001100101011001010100100010000 -0.32923280069371685 202.0
10000010000010000000000000000000000000000000000000000000000000000000000000000000000000000000011111111001011011111111111111111101010001111111001111010111011111111111111111011000111110110000000000000000000100000000000000000000000000001000000000000001100000000000000000000000000000000000100000000000000000000000000000000000000000000100000000000000000000000000000000000000 -0.21369899983983487 81.0
00000000010010000010000000000000001000000000000000001000000000000000000010000000000000000000111111111111111111111111111111111111111111111111111111111111111111111111111111111111111111110000000000000000000111000000000000000100010001011010101110011011100110001110000000000000000100000000100001000000000000110000010100000000000000000100000000000100001010001010000000000000 -0.28205670026363805 134.0
00000010010010000000000000000000000000000000000000001000100000000000000000000000000000000000111111111001111011111111111111111101110101111111011111111111011111111111111111011001011111110000000000000000000110000000000000000100000000001000000000000001100000000000000000000000000000000000100000000000000000000000000000000000000000000100000000000000000010000000000000000000 -0.23416379996342584 94.0
10000000000010000000000000000000000000000000000000000000000000000000000000000000000000000000011111011001011010111111111011111101010111111111001111111111111111101111101111111001111111110000100000000000000100000000000000000000000000001000000000000001000000000000000000000000000000000000000001000000000000000000000000000000000000000000000000000000000000000000000000000000 -0.21424250036943704 82.0
10001010010110101110100010000100001100000000010000101000010010010000100000011000000100000000111111111111111111111111111111111111111111111111111111111111111111111111111111111111111111110001110100010000001110010111000000100100010101011000110111111011101010101111010010000000000100000000100001000000000000100001000000000000000000000100000000000100101011000010000000010000 -0.30998490037745796 169.0
10000010010110101010000010000100001100000000010000101000010010010000000010000000000010000000111111111111111111111111111111111111111111111111111111111111111111111111111111111111111111110101110110010000001111010111000000100100010101011100110111101011101110101111000010000000000100000000100001000000000000100001000000000010000000000100000000000100101011100010000001010000 -0.3107399005093612 170.0
10000000000000000000000000000000000000000000000000000000000000000000000000000000000000000000011111011101011010100101111111000101110001111111001011010110111011100011101111010000111100110000000000000000000100000000000000000000000000001000000000000001100000000000000000000000000000000000000000000000000000000000000000000000000000000000000000000000000000000000000000000000 -0.1773787997663021 63.0
10000010010010000000000000001000000000000000000000001000000000000000000000000000000000000000111111111111111111111111111111111111111111111111111111111111111111101111111111111111111111110000100000000000000100010000000000000000010000001000100101111011100100001110000010000000000000000000100001000000000000110000000000000000000000000100000000000100101011000010000000000000 -0.27601810032501817 127.0
10110111010110001110010110001101001100000010011000111100010010010100011100000000010110000011111111111111111111111111111111111111111111111111111111111111111111111111111111011111111111111000110010010001001111011111010000100100011001011100111111101011100111111111000010000000001100000000100001000000000000110000010010100010000000000100010001000101001011001010100000110000 -0.32815670053241774 198.0
10000010010010000000010000000000001000000000000000000100000000000000000000000000000000000000111111111011111111111111111111111101111111111111111111011111111111111111111111111011111111110000000000000000000111000000000000000000010000001000100000101011101000000000000000000000000000000000100001000000000000110000000000000000000000000100000000000100000000000010000000000000 -0.2606159002170898 114.0
10000010010010000000100010000000001100000000000000101000000000000000000000001000000000000000111111111111111111111111111111111111111111111111111111111111111111111111111111111111111111110000010010010000010111010010000000000100010000001000101110001011100111000110000000000000000100000000100001000000000000100000010000000010000000000100010000000100001011001010100000010000 -0.29088800025056116 144.0
10000110011010000010000010000000001100000000100000101000010010010000000000000100110000000000111111111111111111111111111111111111111111111111111111111111111111111111111111111111111111110000010010010000000111000110000000000100010000011100101111111011101110101110000000000000000100000000100001000000000000110000010000000010010000000100010000000100001011000010000000000000 -0.3016819003096316 157.0
10000110011010000010011010001100001100000000001000101000110010010100000010000000011000000011111111111111111111111111111111111111111111111111111111111111111111111111111111111111111111110000110110010000000111010111000000000100010001001100111111101011101110101111000100000000000100000000100001001000000000110000000000000110000000000100010001000100001010000010000000000000 -0.3126269003842026 171.0
10000010000010010000000000000000001000000000000100000000000000000000000000000000000000000000111111111111111111111111111111111101110111111111111111111111111111111111111111111111111111110000000000000000000100000000000000000000000000001000000000101001100100001000000000000000000000000000100001000000000000100000000000000000000000000100000000000100000010000010000000000000 -0.2581286001368426 111.0
10000010010000000000000010000000001100000000000000001100000010001000000000000000100000000000111111111111111111111111111111111111111111111111111111111111111111111111111111111111111111110001000000000000000111000000000000000100010000001000001110011011101110010010000000000000000100000000100001000000000000110000000000000010000000000100000000000100001001001010000000000000 -0.2833398001966998 135.0
10000001010010000000000000000000001000000000000000001000000000010000100010000000000010000000111111111111111111111111111111111111111111111111111111111111111111101111111111111111111111110000000000010000000110000010000000000100010000011000010101111011100110101000000000000000000100000000100001000000000000110000000000000000000000000100000000000100000011001010000000000000 -0.28054700035136193 133.0
10000010000010000000000000000000000000000000000000000100000000000100000000000000000000000000111111111111111111111111111111111111111111111111111111111111110111111111111111111011111111110000000100000000000110000000000000000100000000001000000010000001100000000000000000000000000000000000000001000000000000100000000000000010000000000100000000000100001010000000000000000000 -0.2566944002173841 110.0
10000011010010000010000000000000000000010000000000001000010000000000000000000000000000000000111111111111111111111111111111111111111111111111110111111111111111111111111111111111111111110000000000000000000110010010001000000100010000011000001110100011100010001010000010000000000100000000100001000000000000110000000000000000000000000100000000000100001010001000000000000000 -0.27855640003690496 130.0
10000010000010000000000000000000001000000000000000000000000000000000000000000000000000000000011111111111111111111111111111111111111111111111111111111111111111111111111111111011111111110000000000000000000110000000000000000000000000001000000000000001100000000000000000000000000100000000000001000000000000100000000000000000000000000101000000000100001010000010000000000000 -0.25525670003844425 108.0
10000010010010000000000000000000001000000000001000001000000000000000000000000000100000000000111111111111111111111111111111111111111111111111111111111111111111111111111111111111111111110000000000000000000111010010000000000100010000011000001100001011111100000000000001000000000000000000100001000000000000110000000000000000000000000100010000000100000010001010000000000000 -0.2773012002580799 129.0
00000010000010000000000000000000000000000000000000000000000000000000000000000000000000000000011111111001111011101111111110111101111011111111101111111111111111110111111111111001111110110000000000000000000100000000000000000000010000001000000000000001100000000000000000000000000000000000000000000000000000000000000000000010000000000000000000000100000000000010000000000000 -0.22605010028928518 89.0
10000010010010000000000000000000001000000000000000001000000000000000000000000000100000000000111111111111111111111111111111111111111111111111111111111111111111111111111111111111111111110000000000000000000111000000000000010100000000001000001110001011100100000000000000000000000000000000100001000000000000110000000000000000000000000100000000000100000010001010000000000000 -0.2714135001297109 122.0
10001110011010000010011110001100001100010000010101101000010010010100010111010000011000000010111111111111111111111111111111111111111111111111111111111111111111111111111111111111111111110001110100000000000111010111000100100100010001011100111111101011101111011111010010000000001100000000100001000100000000110000000000100010100000000100000000000100001011001010000100100000 -0.3214582004293334 186.0
10001010010010000000000000000000010100000000000000001100000000000000100010011010000000000010111111111111111111111111111111111111111111111111111111111111111111111111111111111111111111110000100010000000000111010010000000000100010001001000101100111011100110100111000010000000000100000000100001000000000000110000000000000000000000000100000000000100101010011010000000000000 -0.2931526003230829 147.0
10000010010010001010000000000000001000000000000000001000000000000100100010000010000000000100111111111111111111111111111111111111111111111111111111111111111111111111111111111111111111110011000000010000000110010110000000100100010000001000010111101011100010010111000010000000000101000000100001000000000000110000000000000010000000000100010000000100001010000010000000000000 -0.2915675003314391 145.0
10000011010010000000000010000010001100000000000000001000000000010000100010000000000010000011111111111111111111111111111111111111111111111111111111111111111111111111111111111111111111110000000010010000000110000110000000100100010001001000010011111011100110101011000010000000000100000000100001000000000000110000000000000010000000000100000000000100001011000010000000010000 -0.2950396002852358 148.0
10000010010010000000000000000000000000000000000000000000000000000000000000000000000000000000011111111111011011110111111111101101110111111111111011111111111111111111111111111001111110110000000000000000000100000000000000000100000000001000000000000011100000010000000000000000000000000000100001000000000000100000000000000000000000000100000000000000000010000010000000000000 -0.24063099990598857 98.0
00000010000000000000000000000000000000000000000000000000000000000000000000000000000000000000011111111001011010100111111111010101010111011111001011010110110111100111111111011000111110110000000000000000000110000000000000000000000000001000000000000000100000000000000000000000000000000000000000000000000000000000000000000000000000000000000000000000000000000000000000000000 -0.19035209994763136 69.0
10001010011110000000000000000000010100010000000000001100110010010011000100001000110000000010111111111111111111111111111111111111111111111111111111111111111111111111111111111111111111110000000000010000000111010110000000100100010001001100111110111011100111111111100010000000000100000000100001000100000000110000000000000000000000000100000001000100001010001010000000100000 -0.30689020035788417 164.0
10011010010110011110000010001000001000010000010100111000110010011000000000011000000100000000111111111111111111111111111111111111111111111111111111111111111111111111111111111111111111110001100100000000001111010111010000100100010101011000110111111011101010111111010010000000000100000000100001000000000000100001000000100000000000000110010001000100101011000010000100100000 -0.3164011004846543 178.0
10000010010010000000000000000000001000000000000000001000000001000000000000000000000000100000111111111111111111111111111111111111111111111111111111011111111111111111111111110011111111110000000000000000000110000000000000000100010000001000000000100011100000000000000000000000000100000000100001000000000000100000000000000000000000000000000000000100000000000010000000000000 -0.2590156001097057 112.0
10000110010110000010000010000100001000000000000000101000000000000000000000000000101000000000111111111111111111111111111111111111111111111111011111111111111111111111111111111111111111110000000010000000000111010010000010000100010001011000110110111011100110101110000010000000000100000000100001000000000000110001000100000010000000000100000000000100001011001010000000000000 -0.2951905002701096 149.0
10000010010010000000000000000000000000010000001000001000000000000000000000000000000000000000111111111101111111111111111111111111111111111111111111111111111111111111111111111011111111110000000100000000000111010000001000000100010000001000001110100011100101001000000000000000000100000000100001000000000000100000000000000000000000000100000001000100000000001010000000000000 -0.2730741002596915 125.0
10000010010010000000000000000000001000000000000100000000000000000000000000000100000000000000111111111011111111111111111111111111110111111111111111111111111111111111111111011111111111110000000000000000000110000000000000000100000000001000000000101011100010000000000000000000000000000000100001000000000000100000000000000000000000000100000000000100000010000010000000000000 -0.25991729996167123 113.0
10000010010010000010000000000000000100000000001000101000000010010100000100000000000000000010111111111111111011111111111111111111111111111111111111111111111111111111111111111111111111110000010010010000000111010011000000000000010000001000101110001011100110101111000000000000000100000000100001000000000000110000000000000010000000000100010001000100001010000010000000110000 -0.2929260003147647 146.0
10000010000010000010000000000000000100000000001000101000000010010100000100000000000000000010111111111111111111111111111111111111111111111111111111111111111111111111111111111111111111110000010010010010000111010011000000000100010000001000101111011011100110111111000000000000000100000000100001000000000000110000000000000010000000000100010001000100001010000010000000010000 -0.2967002004152164 150.0
10000011010010000000000000000000001000000000000000000000000000000000000000000000000000000000111111111111111111111111111111111111110111111111011111111111111111111111111111111011111111110000000000000000000110000000000000000000000000001000000000001011100000010010000000000000000000000000000001000000000000000000000000000000000000000100000000000100001010000000000000000000 -0.25593940005637705 109.0
10000010010010100010000100000000001100000000000000001100010010010000000100000000100000000010111111111111111111111111111111111111111111111111111111111111111111111111111111111111111111110000010110010000100111010011000000000100010000011100111111101011100111101111000010000000000100000000100001000000000000110000000000100010000100000100010001000100001011000010000000000000 -0.3056826004758477 161.0
10011111011110000010001010000100001000000000010100101000010110010110000000010000011110000010111111111111111111111111111111111111111111111111111111111111111111111111111111111111111111110001110100000010001111010111101000100100010001011100111111111011101111001111010001000000100100000000100001000100000000110000100000000010000000000100000000000100001011001010000100010000 -0.32085430045844987 185.0
10100010010010000010000000000000001000000000000000001000000000000000000000001000100000000000111111111111111111111111111111111111111111111111111111111111111111111111111111111111111111110000000000000000000111000000000000010100010001001000001110001011100100000010000000000000000100000000100001000000000000110000010000000000000000000100000000000100000010001010100000000000 -0.27949010010343045 131.0
10000010010010000010000000000000000100000000000000001000000000000110000010000000000000000000111111111101111111111111111111111111111111111111111111111111111111111111111111111011111111110000000100000000000110000000001000000000010000001000001100100011100110000010000000000000000100000000100001000000000000100000000000000010000000000100000001000100001010001010000001000000 -0.27639540008385666 128.0
10000010010110000010000010000000001100100000000000101000110010010000000010000000110000000010111111111111111111111111111111111111111111111111111111111111111111111111111111111111111111110000000000010000000111010111000000010100010001011100011110111011101110101110100010000000110100000000100001000000000000110000010000000000000000000100000000000100001011001010000000010000 -0.30598450038814917 162.0
10000010011010000000001000000000001100000000000000001000000000000000000000000000000010000000110111111111111111111111111111111111111111111111111111111111111111111111111111111111111111110010000100000000000111000010000000000100010000011000000111011011101010000000000000000000000101000000000001000000000000100000000000000000000000000100000000000100001010001010000000010000 -0.27984810003545135 132.0
10000010010010000001000000000100000000000000000000001000000000000000000000000000000000000000111111111111111111111111111111111111111111111111111111111111111111111111111111111111111111110010000000000000000111000000000000000100010000001000000110101011100010001001000000000000000000000000000001000000000000100000100000000000000000000110000000000100000000001010000000000000 -0.2721683001727797 124.0
10000010011110101010000000000000001100000000000000111000110000010000000010011000010000000010111111111111111111111111111111111111111111111111111111111111111111111111111111111111111111110000000110010000000111010110000000110100010001011100111111111011110111111110000010010000000100000000100001100100000000100001010000000010000000000100010001000100001011001010000001000000 -0.31345730053726584 173.0
10001110010010010010001000000000001000000000101100111000010110010110000100010000010100000000111111111111111111111111111111111111111111111111111111111111111111111111111111111111111111110000010110010000100111010111000000000100010001011100111111101011101111111111000000000000000100000000100001000000000000110000000000100010000000000100000000000100101011001010000100010000 -0.31406100050662644 174.0
10000111010010000000001000000000001100000000000000101000110010010000000100000000010100000010111111111111111111111111111111111111111111111111111111111111111111111111111111111111111111110000000010010001100111010011000000000100010000001100011111101011101111111111010010000000000100000000100001000100000000110000000000100010000000000100000001000100001010001010000000010000 -0.30681480042403564 163.0
10001111010010010000000010000000001000000000001100111000110010010010000100010000000100000010111111111111111111111111111111111111111111111111111111111111111111111111111111111111111111110000000110010000000111010111000000000100010001011100011111101011111111111111000010000000000100000000100001000100000000110000000000100010000000000100000000000100001011001010000101100000 -0.31307990054483525 172.0
10000111011110000010001110001100001101110000011000111100110100011110100010100000000110000011111111111111111111111111111111111111111111111111111111111111111111111111111111111111111111110000100110000000000111010111100000110100010001011100111111111111111111011111010010000001100110000000100001000100000000110000010010000010000000010110000000000100001011001010000110011100 -0.3285535005561542 201.0
10000010010010000000000000000000001000010000000000001000000000000000000000000010000000000000111111111111111111111111111111111111111111111111111111111111111111111111111111111111111111110000000000000000000111000000000000000100010000001000000110101011100100001000000000000000000000000000100001000000000000100000100000000000000000000100000000000100000000001010000000000000 -0.27201730012893677 123.0
10010010010010000010000000000000001100000000000000011000110000010000000110001000101100000010111111111111111111111111111111111111111111111111111111111111111111111111111111111111111111110000000000000000000110010111000000100000010000001100001111101011100010111110000000000000000100000000100001000000000000100000000000000000100000000100000000000100001011001010000001010000 -0.2967755001154728 151.0
10001111010110101011001110001100001100010000010000111100010010010100010001010000010110000011111111111111111111111111111111111111111111111111111111111111111111111111111111111111111111110000110110010001000111010110101000100100010001011100110111101011101111111111001011001001001100000000110001000100000000110000100000100010000000000100010000000110001011001010101101100000 -0.3284780005051289 200.0
10011110011110001010010110001100001101000000011000111100000000010100000101010000011111001010111111111111111111111111111111111111111111111111111111111111111111111111111111111111111111110001110110010000001111011111110011100100010001011100111110110011101110111111010010000001001100000000100001000010000000110000011010100010100000000100000000000101001011001010000100000000 -0.32817590050399303 199.0
#
