# Problem = Knapsack
# Variables = 1
# Objectives = 2
000000000000000000000000000000000000000000000000000000000000000000000000000000000000000000000000000000000000000000000000000000000000000000000000000000000000000000000000000000000000000000000000000000000000000000000000000000000000000000000000000000000000000000000000000000000000000000000000000000000000000000000000000000000000000000000000000000000000000000000000000 0.0 0.0
110010100110110011101011100001000010000000000111000000001000001000001000000000100000001100101000000010010001000010000100101100100000000000000000000000000100000010000110000100110100000100001100101100010110100000100101100111100010001000010110100000001000000001000010110100101000100011110101110101100000000100000001001100101100001000011001100000000000000001110100010 -1.161819202825427 106.0
000000000000000000000000100000000000000000000000000000000000000000000000000000000000000000000000000000000000000000000000000000000000000000000000000000000000000000000000000000000000000000000000000000000000000000000000000000000000000000000000000000000000000000000000000000000000000000000000000000000000000000000000000000000000000000000000000000000000000000000000000 -0.0244842991232872 1.0
100000000000000000000001000000000000000000000000000000000000000000000000000000000000000000000000000000000000000000000000000000000000000000000000000000000000000000000000000000000000000000000000000000000000000000000000000000000000000000000000000000000000000000000000000000000000000000000000000000000000000000000000000000000000000000000000000000000000000000000000000 -0.0489685982465744 2.0
100000000000000010000001000000000000000000000000000000000000000000000000000000000000000000000000000000000000000000000000000000000000000000000000000000000000000000000000000000000000000000000000000000000000000000000000000000000000000000000000000000000000000000000000000000000000000000000000000000000000000000000000000000000000000000000000000000000000000000000000000 -0.0734528973698616 3.0
110000000000000010000001000000000000000000000000000000000000000000000000000000000000000000000000000000000000000000000000000000000000000000000000000000000000000000000000000000000000000000000000000000000000000000000000000000000000000000000000000000000000000000000000000000000000000000000000000000000000000000000000000000000000000000000000000000000000000000000000000 -0.0979371964931488 4.0
110000000000000010000001100000000000000000000000000000000000000000000000000000000000000000000000000000000000000000000000000000000000000000000000000000000000000000000000000000000000000000000000000000000000000000000000000000000000000000000000000000000000000000000000000000000000000000000000000000000000000000000000000000000000000000000000000000000000000000000000000 -0.122421495616436 5.0
110000100000000010000001100000000000000000000000000000000000000000000000000000000000000000000000000000000000000000000000000000000000000000000000000000000000000000000000000000000000000000000000000000000000000000000000000000000000000000000000000000000000000000000000000000000000000000000000000000000000000000000000000000000000000000000000000000000000000000000000000 -0.1469057947397232 6.0
110000100000000010000011100000000000000000000000000000000000000000000000000000000000000000000000000000000000000000000000000000000000000000000000000000000000000000000000000000000000000000000000000000000000000000000000000000000000000000000000000000000000000000000000000000000000000000000000000000000000000000000000000000000000000000000000000000000000000000000000000 -0.1713900938630104 7.0
110000100000000010000011100000000000000000000000000000000000000000000000000000000000000000000000000000000000000000000000000000000000000000000000000000000000000000000000000000000000000000000000000000100000000000000000000000000000000000000000000000000000000000000000000000000000000000000000000000000000000000000000000000000000000000000000000000000000000000000000000 -0.19560699351131916 8.0
110000100000000010000011100000000000000000000000000000000000000000000000000000000000000000000000000000000000000000000000000000000000000000000000000000000000000000000000000000000000000000000000000000100000000000000000000000000000000000000000000000000000000000000000000000000000000010000000000000000000000000000000000000000000000000000000000000000000000000000000000 -0.2185508944094181 9.0
100000100000000010000011100000000000000000000000000000000000000000000000000000000000000000000000000000000000000000000000000000000000000000000000000000000000000000000000000000000000000000001000000000100000000000000000000010000000000000000000000000000000000000000000000000000000000010000000000000000000000000000000000000000000000000000000000000000000000000000000000 -0.2412273958325386 10.0
100000100000000010000001100000000000000000000000000000000000000000000000000000000000000000000000000000000000000000000000010000000000000000000000000000000000000000000000000000000000000000001000000000100000000000000000000010100000000000000000000000000000000000000000000000000000000010000000000000000000000000000000000000000000000000000000000000000000000000000000000 -0.26322329603135586 11.0
100000000000000010000011100000000000000000000000000000000000000000000000000000000000000000000000000000000000000000000000010000000000000000000000000000000000000000000100000000000000000000001000000000100000000000000000000010100000000000000000000000000000000000000000000000000000000010000000000000000000000000000000000000000000000000000000000000000000000000000000000 -0.2861671969294548 12.0
100000100000000010000001100000000000000000000000000000000000000000000000000000000000000000000000000000000000000000000000010000000000000000000000000000000000000000000100000000000000000000001000000000100000000000000000000010100000000000000000000000000000000000000000000000000000000010000000010000000000000000000000000000000000000000000000000000000000000000000000000 -0.3077006973326206 13.0
100000100000000010000001100000000000000000000000000000000000000000000000000000000000000000000000000000000100000000000000010000000000000000000000000000000000000000000100010000000000000000001000000000100000000000000000000010100000000000000000000000000000000000000000000000000000000010000000000000000000000000000000000000000000000000000000000000000000000000000000000 -0.3299639970064163 14.0
100000100000000010000011100000000000000000000000000000000000000000000000000000000000000000000000000000000000000000000000010000000000000000000000000000000000000000000100000000000000000000001000000000110000000000000000000010100000000000000000000000000000000000000000000000000000000010000100000000000000000000000000000000000000000000000000000000000000000000000000000 -0.3578122965991497 15.0
010000100000000000000010100000000000000000000000000000000000000000000000000000000000000000000000000000000000000000000000110000000000000000000000000000000000000000000110000000000000000000001000000000110000000000000000000010100000000000000000000000000000000000000000100000000000000010000100000000000000000000000000000000000000000000000000000000000000000000000000000 -0.3769947998225689 16.0
010010100000000000000011100000000000000000000000000000000000000000000000000000000000000000000000000010000000000000000000000000000000000000000000000000000000000000000010000000000000000000010000000000110010000000000000000010000000000000000000000000000000000000000000000000000000000010000101000000000000000000000000000000001000000000000000000000000000000000000000000 -0.3992283996194601 17.0
010000000000000001000010100000000000000000000000000000000000000000000000000000000000000000000000000010010000000000000000110100000000000000000000000000000000000000000110000000000000000000010000000000110000000000000000000010000000000000000000000000000000000000000000100000000000000000000101100000000000000000000000000000000000000000000000000000000000000000000000000 -0.43823010101914406 19.0
010010000000000000000010100000000000000000000000000000000000000000000000000000000000000000000000000010010000000000000000100100000000000000000000000000000000000000000110000000000000000000010000000000110000000000000000000010100000000000000000000000000000000000000000000010000000000000000101100000000000000000000000000000001000000000000000000000000000000000000000000 -0.46247499994933605 20.0
010000000000000001000010100000000000000000000000000000000000000000000000000000000000000000000000000010010000000000000000110100000000000000000000000000000000000000000110000000000000000000010000000000110000000000000000000010100000000000000000000000000000000000000000100010000000000000000101100000000000000000000000000000001000000000000000000000000000000000000000000 -0.5054470002651215 22.0
010010000000000000000010100000000000000000000000000000000000000000000000000000000000000000000000000010010000000000000000100100000000000000000000000000000000000000000110000000000000000000010000000000110000000000000000000010100000000000000000000000000000000000000000100010000000000010000101100000000100000100000000000000001000000000000000000000000000000000000000000 -0.5512958001345396 24.0
100000100000000000000010100000000000000000000000000000000000000000000000000000000000000000000000000010010100000000000000110100000000000000000000000000000000000000000110010000000000000000011000000000110000000000000000000010100000000000000000000000000000000000000000100010000000000010000000100000000100000000000000000000011000000000000000000000000000000000000000000 -0.5956615973263979 26.0
110000100000100000000010100001000000000000000000000000000000000000000000000000000000000000000000000010010000000000000000110100000000000000000000000000000000001000000110000000000000000000011000000000110000000000000000000010100000000000000000000000000000000000000000100010000000000000000101100000000100000000000000000100101000000000000000000000000000000000100000000 -0.6554660983383656 31.0
110000100000000000000010100001000000000000000000000000000000000000000000000000000000000001000000000010010000000000000000110100000000000000000000000000000000000000000110010000000000000000010000000000110010000000000000000001100000000000000000000000000000000000000000100010000000000010000011110000000100000100000000001100101010000000000000000000000000000000000000000 -0.7614499982446432 35.0
110000100000100000100010100001000000000000000000000000000000000000000000000000000000000000000000000010010000000000000000110100000000000000000000000000000000000000000110010000000000000000010000000000110010000000000000000010100000000000000000000000000000000000000000100010000000000010100011110000000101000100000000001100101010000000000000000000000000000000000000000 -0.82147709839046 38.0
110000100100100000100011100001000000000000000000000000000000001000000000000000000000000000000000000010010000000000000000110100000000000000000000000000000000000000000110010000000000000000011100001000110110000000000000100010100000000000010010000000000100000000000000100010000000000010100111111000000100000100000000001000101000001000100000000000000000000000100000000 -0.930911498144269 51.0
#
