# Problem = Knapsack
# Variables = 1
# Objectives = 2
000000000000000000000000000000000000000000000000000000000000000000000000000000000000000000000000000000000000000000000000000000000000000000000000000000000000000000000000000000000000000000000000000000000000000000000000000000000000000000000000000000000000000000000000000000000000000000000000000000000000000000000000000000000000000000000000000000000000000000000000000 0.0 0.0
000100101101100101110011110010101100111001100101110011101000100010101100101110100110100001011111000111011101011100001110001000011001001011101111000010111110011010111100111010101110110101000001110010100011011101001000100010100101100111010111011011110111010110101011100110010011011011100011110011110011000100010111111100000100011000000110010011111101111111001101011 -0.5879041940206662 195.0
000000000000000000000000000000000000000000000000000000000000000000000000000000000000000000000000000000000000000000000000000000001000000000000000000000000000000000000000000000000000000000000000000000000000000000000000000000000000000000000000000000000000000000000000000000000000000000000000000000000000000000000000000000000000000000000000000000000000000000000000000 -0.011198899708688259 1.0
000000000000000000000000000000000000000000000000000000000000000000000000000000000000000000000000000000000000000000000000001000001000000000000000000000000000000000000000000000000000000000000000000000000000000000000000000000000000000000000000000000000000000000000000000000000000000000000000000000000000000000000000000000000000000000000000000000000000000000000000000 -0.022397799417376518 2.0
000000000000000000000000000000000000000000000000000000000000000000000000000000000000000000000000000000000000000000000000001000001000000000000000000000000000000000000000000000000000000000000000000000010000000000000000000000000000000000000000000000000000000000000000000000000000000000000000000000000000000000000000000000000000000000000000000000000000000000000000000 -0.03345449920743704 3.0
000000000000000000000000000000000000000000000000000000000000000000000000000000000000000000000000000000000000000000000000001000001000000000000000000000000000000000000000000000000000000000000000000000100000000000000000000000100000000000000000000000000000000000000000000000000000000000000000000000000000000000000000000000000000000000000000000000000000000000000000000 -0.04451119899749756 4.0
000000000000000000000000000000000000000000000000000000000000000000000000000000000000000000000000000000000000000000000000001000001000000000000000000000000000000000000000000000000000000000000000000000100000000000000000000010100000000000000000000000000000000000000000000000000000000000000000000000000000000000000000000000000000000000000000000000000000000000000000000 -0.05556789878755808 5.0
000000000000000000000000000000000000000000000000000000000000000000000000000000000000000000000000000000000000000000000000001000001000000000000000000000000000000000000000000000000000000000000000000000110000000000000000000010100000000000000000000000000000000000000000000000000000000000000000000000000000000000000000000000000000000000000000000000000000000000000000000 -0.0666245985776186 6.0
000000000000000000000000000000000000000000000000000000000000000000000000000000000000000000000000000000000000000000000000000000001000000000000000000000000000000000000000010000000000000000000000000000110000000000000000000010100000000000000000000000000000000000000000000000000000000000000000000001000000000000000000000000000000000000000000000000000000000000000000000 -0.07434339821338654 7.0
000000000000000000000000000000000000000000000000000000000000000000000000000000000000000000000000000000000000000000000000000000001000000000000000000000000000000000000000000000000000000000010000000000110010100000000000000010100000000000000000000000000000000000000000000000000000000000000000000000000000000000000000000000000000000000000000000000000000000000000000000 -0.08506459835916758 8.0
000000000000000000000000000000000000000000000000000000000000000000000000000000000000000000000000000000000000000000000000000000001000000000000000000000000000000000000000010000000000000000010000000000110010000000000000000010100000000000000000000000000000000000000000000000000000000000000000000001000000000000000000000000000000000000000000000000000000000000000000000 -0.09292559791356325 9.0
000000000000000000000000000000000000000000000000000000000000000000000000000000000000000000000000000000000000000000000000001000001000000000000000000000000000000000000000000000000000000000100000000000110000100000000000000010100000000000000000000000000000000000000000000000000000000000000000000000000010000000000000000100000000000000000000000000000000000000000000000 -0.1030107974074781 10.0
000010000000000000000000000000000000000000000000000000000000000000000000000000000000000000000000000100000000000000000000000000001000000000000000000000000000000000000000000000000000000000000000000000110010100000000000000010100000000000000000000000000000000000000000000010000000000000000010000000000000000000000000000000000000000000000000000000000000000000000000000 -0.11127079743891954 11.0
000000000000000000000000000000000000000000000000000000000000000000000000000000000000000000000000000000000000000000000000000000001000000000000000000000000000000000000010010000000000000000100000000000110010100000000000000010100000000000000000000000000000000000000000000010000000000000000000000000000000000000000000000100000000000000000000000000000000000000000000000 -0.12264479696750641 12.0
000010000000000000000000000000000000000000000000000000000000000000000000000000000000000000000000000100000000000000000000000000001000000000000000000000000000000000000000010000000000000000100000001000110010000000000000000010100000000000000000000000000000000000000000000010000000000000000010010000000000000000000000000000000000000000000000000000000000000000000000000 -0.13804949633777142 14.0
000000000000000000000000000000000000000000000000000000000000000000000000000000000000000000000000000000000000000000000000000100001000000000000000000000000000000000000000010100000000000000010000001000110000100000000000000010100000000000000000000000000000000000000000000000000000000000000011010000000000000000000000000100000000000000000000000000000000000000000000000 -0.14685599599033594 15.0
010000000000000000000000000000000000000000000000000000000000000000000000000000000000000000000000000000000000000000000000000000001000000000000000000000000000000000000000010100000000000000100000000000110010100000000000000010100000000000000000000000000000000000000000000000000000000000000011110000000000000000000000000100000100000000000000000000000000000000000000000 -0.16320789651945233 17.0
010000000000000000000000000000000000000010000000000000000000000000000000000000000000000000000000000000000000000000000000000000001000000000000000000000000000000000000010010100000000000000100000000000110010100000000000000010100000000000000000000000000000000000000000000010000000000000000011100000000000000000000000000100001000000000000100000000000000000000000000000 -0.18481249595060945 20.0
010010000000000000000000000001000000000000000000000000000000000000000100000000000000000000000000000100000000000000000000000000001000000000000000000000000000000000000100010000000000000000110000001000110010100000000000000010100000000000000000000000000000000000000000100010101000000010000010010000000000000000000000000000000000000000000000000000000000000000000000000 -0.21495709591545165 24.0
010000000000000000000000000000000000000010000000000000000000000000000000010100000000000000000000000000010000000000000000100011001000000000000000000000000000000000000010011100000000000000100000001000110010100000000000000010100000000000000000000000000000000000000000100010000000000000000011110000000000000000000000000100001100000000000000000000000000000000000000000 -0.24647219514008611 30.0
000000000000000000000001000000000000000011000000000000000000000000000000010100000000000000000000000010010000000000010000100010001000000000000000000000000000000000000010011100000000000000100000001000111010100000000000010010100000000000000000000000000000000000000000110010001000000010000011010000000000001000000000000100101100000000000000001010000000000000000000000 -0.2907353942282498 40.0
000010001110000001000001000000000000000011000000001000000000000100010000100000100000000000000000000010010001000000011000001100001000000000000001000000000000100000001010110100000000000000100010111010110010101000100000000010100101000000000001001100000000000000000010100000111000000010001110010010000000000100100000000000001000001010000000000010000000000000000010000 -0.345624394249171 65.0
#
