# Problem = Knapsack
# Variables = 1
# Objectives = 2
000010011111111101111011100000000100000010000001100010100001000010001010100011110000111111101011100100101001110100000100100100001000101010011100110101010010101100111110100001100100111111010010000100111000110001110100010100010111101001010000101111111101011001011110111000000100000111101000110000011100101101101101010010011011001100100100101100011110100001010110000001100100011110101100011010100101000100001110000010001001010010100100001000101101010111100001110111100101010100100111101001000000101111100101110000111010110100010100111001000011010001011111111111110111000110111100000000011001010011100100000010010001011111110101 -0.7693978948518634 291.0
000000000000000000000000000000000000000000000000000000000000000000000000000000000000000000000000000000000000000000000000000000000000000000000000000000000000000000000000000000000000001000000000000000000000000000000000000000000000000000001000000000000000000000000000000000000000000000000000000000000000000000000000000000000000000000000000000000000000000000000000000000000000000000000000000000000000000000000000000000000000000000000000000000000000000000000000000000000000000000000000000000000000000000000000000000000000000000000000000000000000000000000000000000000000000000000000000000000000000000000000000000000000000000000000 -0.02561119943857193 2.0
000000000000000000000000000000000000000000000000000000000000000000000000000000000000000000000000000000000000000000000000000000000000000000000000000000000000000000000000000000000000000000000000000000000000000000000000000000000000000000000000000000000000000000000000000000000000000000000000000000000000000000000000000000000000000000000000000000000000000000000000000000000000000000000000000000000000000000000000000000000000000000000000000000000000000000000000000000000000000000000000000000000000000000000000000000000000000000000000000000000000000000000000000000000000000000000100000000000000000000000000000000000000000000000000 -0.012261000461876392 1.0
000000000000000000000000000000000000000000000000000000000001000000000000000000000000000000000000000000000000000000000000000000000000000000000000000000000000000000000000000000000000001000000000000000000000000000000000000000000000000000000000000000000000000000000000000000000000000000000000000000000000000000000000000000000000000000000000000000000000000000000000000000000000000000000000000000000000000000000000000000000000000000000000000000000000000000000000000000000000000000000000000000000000000000000000000000000000000000000000000000000000000010000000000000000000000000000000000000000000000000000000000000000000000000000000 -0.049967098981142044 3.0
000000000000000000000000000000000000000000000000000000000000000000000000000000000000000000000000000000000000000000000000000000000000000000000000000000000000000000000000000000000000001000000000000000000000000000000000000010000000000000000000000000000000000000000000000000000000000001000000000000000000000000000000000000000000000000000000000000000000000000000000000000000000001000000000000000000000000000000000000000000000000000000000000000000000000000000000000000000000000000000000000000000000000000000000000000000000000000000000000000000000000000000000000000000000000000000000000000000000000000000000000000000000000000000000 -0.05469459877349436 4.0
000000000000000000001000000000000000000000000000000000000000100000000000000000000000000000000000000000000000000000000000000000000000000000000000000001000000000000000000000000000000001000000000000000000000000000000000000000000000000000000000000000000000000000000000000000000000000000000000000000000000000000000000000000000000000000000000000000000000000000000000000000000000001000000000000000000000000000000000000000000000000000000000000000000000000000000000000000000000000000000000000000000000000000000000000000000000000000000000000000000000000000000000000000000000000000000000000000000000000000000000000000000000000000000000 -0.10151159856468439 5.0
000000000000000000000000000000000000000000000000000000000001000000000000000000000000000000000000000000000000000000000000000000000000000100000000000001000000000000000000000000000000001000000000000000000000000000000000000000000000000000000000000000000000000000000000000000000000000000000001000000000000000000000000000000000000000000000000000000000000000000000000000000000000011000000000000000000000000000000000000000000000000000000000000000000000000000000000000000000000000000000000000000000000000000000000000000000000000000000000000000000000000000000000000000000000000000000100000000000000000000000000000000000000000000000000 -0.10997369885444641 8.0
000000000000000000000000000000000000000001000000000000000001000000000000000000000000000000000000000000000000001000000000000000000000000000000000000001000000000000000000000000000000001000000000000000000000000000000000000000000000000000000000000000000000000000000000000000000000000000000000000000000000000000000000000000000000000000000000000000000000000000000000000000000000001000000000000000000000000000000000000000000000000100000000000000000000000000000000000000000000000000001000000000000000000000000000000000000000000000000000000000000000000000000000000000000000000000010000000000000000000000000000000000000000000000000000 -0.12140439916402102 9.0
000001000000000000000000000000000000000000000000000000000000000000000000000000000000001000010000000000000000000000000100000000000000000000000000100001000000000000000000000000000000001000000000000000000000000000000000000000000000000000000000000000000000000000000000000000000000000000000000000000000000000000000000000000000000000000000000000000000000000000000000000000000000001000000000000000000000000000000000000000000000000000000000000000001000000000000000000000000000000000000000000000000000000000000000000000000000000000000000000000000000000000000010000000000000000000000100000000000000000000000000000000000000000000000000 -0.13818809855729342 11.0
000000000000000000001000010000000000000000000000000000000001000000000000000000000000000000000000100000000000000000000000000000000000000000001000000001000000000000000000000000000000001000000000000000000000000000000000000000000000000000000000000000000000000000000000000000000000000000000000000001000000000000000000000000000010000000000000000000000000000000000000000000000000001000000000000000000000000000000000000000000000000000000000000000000000000000000000000000000000000000000000000000000000000000000000000000000000000000000000000000000000000001000000000000000000000000000100000000000000000000000000000000000000000000000000 -0.14423689851537347 12.0
000000000000000000000000000000000000000000000000000000000001000000000000000000000000000000000000100000000000000000000100000000000000000000000000000001000000000100000000000000000000001000000010000000000000100000000000000000000000000000000000000000000000000000000000000000000100000000000000000000000000000001000000000000000000000000000000000000000000000000000000000001000000001000000000000000000000000000000000000000000000000000000000000000000000000000000000000000000000000000000000000000000000000000000000000000000000000000000000000000000000000000000000000000000000000000000100000000000000000000000000000000000000000000000000 -0.1643554987385869 13.0
000001000000000000000000000000000000000000000000000000000000000000000000000000000000001000000000100000000000000000000000000000000000000000000000000001000000001000000000000000000000001000000000000000000000000000000000000000000000000000000000000000000000000000000000000000000000000000000000000000000000000000000000000000000000000000000000000000000000000000000000000000000000001000000000000000000000000000000000000000000000000000000000000000001000000000000000100000000000000000000000000000000000000000001000000000000000000000000000000000000000000001000100000000000000000000000100000000000000000000001000000000000000000000000000 -0.1696015982888639 14.0
000000000000000000000000000000000000000000000000000000000001000000000000000000000000000000000000100000000000000000000100000000000000000000000000000001000000000100000000000000000000001001000010000000000000000000000000000000000000000000000000000000000000000000000000000000000100000000000000000000000000000001000000000000000000000000000000000000000000000000000000000000000000001000000000000000000000000000000000000000000000000000000000000000000000000000000000100000000000000000000000000000000000000000001000000000000000000000000000000000000000000000000100000000000000000000000100000000000000000000000000000000000000000000000000 -0.18064239830709994 15.0
000001000000000000000000000000000000000000000000000000000000000000000000000000000000001000000000100000000000000000001100000000000000000000000000100001000000000000000000000000000000001000000000000000000000000000000000000000000000000000000000000000000000000000000000000000000000000000000000001000000000000000000000000000000000000000000000000000000000000000000000000000000000001000000000000000000000000000000000000000000000000000000000000000001000000000000000100000000000000000000000000000000000000000001000000000000000000000000000000000000000000010000100000000000000000000000100000000000000000000000000000000001000000000000000 -0.19408029806800187 17.0
000001000000000000000000000000000000000000000000000010000000000000000000000000000000001000010000000000000000000000000100000000000000000000000000100001000000000000000000000001000000001000000000000000000000000000000000000000000000000000000000000000000000000100000000000000000000000000000000000000000000000000000000000000000000000000000000000000000000000000000000000000000000001100000000000000000000000000000000000000000000000000000000000000001000000010000000000001000000000000000100000000000000000000000000000000000000000000000000000000000000000000000000000000000000000000001100000000000000000000000000000000000000000000000000 -0.20604689954780042 18.0
000000000000000000000000000000000000000001000000000000000000000000000000000000000000001000000000000000000000000000000100000000000000000000000000000001000000000000000000100001000000001000000000000000000000000000000000000000000000000000000000000000000000000000000000000000000000000000000000000000000000000000000000000000000000000000000000000000000000000000000000000000000000001100000000000000000000000000000000000000000000100000000000000000000000000010000000100001000010001000000100000000000000000000000000000000000000000000000000000000000000000000000100000000000000000000001100000000000000000000000000000000000000000000000000 -0.22888329974375665 19.0
100001000000001000000000000000000000000000000000000010000001000000000010000000000000001000000000000000000000000000000000000000000000000010000000000001000000000000001000000000000000001000000000000000100000000000000000000000000000000000000000000000001000000000000000000000000000000000000000000000000000000000000000000000000000000000000000000000000000000001000000000000000000001000000000000000000000000000000000000000000001000000000000000000000000000000000000100000000000000100001000000001000000000000000000001000000000000000000000000000000000000000000000000000000000000000000100000000000000000000000010000000000000000000000000 -0.24325619777664542 23.0
000001000000000000000000000000000000000001000000000000000000000000000000000000000000001000000000000001000000000000000100000001000000001000000000000001000000000000000000100001000000001000000000000000000000000000000000000000000000000000000000100000000000000000000000000000000000000000000000000000000000000000000000000000000000000000000000000001000000000000000000000000000000001000000000000000000000000000000000000000000000100000000000000000000000000010010000100001000010001000000100000000000000000000000000000000000000000000000000000000000000000100000100000000000000000000001100000000000000000000000000000000000000000000000000 -0.27458990016020834 26.0
100101000000000000000000000000000000000001000010010000000000000000000010000000000000001100000000100000000000000000000000000000000000000010000000000001000000000000000000100001000000001000000000000000000000000000000000000000000001000000000000000000101000000000000000000000000000000000000000000000000000000000000000000000000000000000000000000000000000000000000000000000000000001000000000000000000000000000000000000010000000000000000000000000000000000010000000100001000000001100001000000001000000000100000000000000000000000000000000000000000000010000000000000001001000000000000000000000000000000000000000000000000000000000000000 -0.2955611979123205 31.0
100001000000000010000000000000000000000001000000010000000000000000000010000000000000001100000000100000000000100000000000000000000000001010000000100001000000000000000000100001000000001000000000000000000000000000000000000000000001000000000000000000001000000000000000000000000000000000000000000000000000000000000000000000000000000000000000000001010000000000000000000000000000001000000000000000000000000000000000000000000000000000000000000000000000000010010000100001000010001000001000000001000000000000001000000000000000000000000000000000000000000100000100000001001000000000001000000000010000001000000000000000000000000000000000 -0.3519251989200711 38.0
000000000000000110001000000001000000010000000000010000000001000000000010000000000000001000000000100000000000001000001000000000000000001100000100000001000000001000000001100000000000001010000000000000000000000100001000000000000001000000000000000000001000000000000000000000000000000000000000000000000000000000000000000000000000000000000000000000000000000010000000000000000000001000000000000000000000000000000000000010000000000010000010000000000000000010010000000000000000001000001000000000000000000100000000000010000000000000000000000000000000000010000100000001001010001000101000100010000000000000000010000000101000000000000000 -0.3914553963113576 49.0
000010000000000101001100000000100000010000000000010000000001000000000010000000000000100000000000100100000000001000011000000000000000101100000100010001000100001010000100100011000000001110000000101000000000000100001000000000000000000000100000000000000000000000100000000000000100000000001000010001001000000100001000010000000000000000000000000000000000000000000000000000000000001000000100000000010000000000001000000000000000010010000010000000000000000010000000010001000000001000001000000000000000000100000000000010000000000000000000000000001000000110001100000001000000001000001000000000000001000000000110001000101000000000000000 -0.4976468961685896 74.0
#
